"GPA","Number_Of_Professional_Connections","Earnings","Major","Graduation_Year","Height","Number_Of_Credits","Number_Of_Parking_Tickets"
3.45,5,9655.1,"STEM",2004,64.8,122,0
1.78,6,10174.9,"Humanities",1988,65.84,121,1
2.8,42,11715.65,"Professional",1991,68.04,124,2
3.22,62,10316.58,"Humanities",1961,69.23,123,0
2.45,71,11751.95,"Professional",1964,64.29,123,1
3.19,76,13322.69,"Vocational",1988,70.14,120,0
1.89,4,5015.28,"Other",1997,65.84,122,3
2.1,15,10221.46,"Humanities",2014,69.86,122,1
2.39,48,10226.85,"Humanities",1965,70.4,124,1
2.85,6,11725.31,"Professional",1994,69.53,123,0
2.42,12,11774.11,"Professional",1973,71.05,122,0
2.35,7,10234.54,"Humanities",2004,66.93,122,1
2.3,81,11764.21,"Professional",2006,70.29,122,1
2.5,18,10251.37,"Humanities",1991,72.91,121,0
3.46,16,10346.89,"Humanities",1963,67.1,121,2
2.5,21,13257.5,"Vocational",2006,67.4,121,0
2.96,28,13279.45,"Vocational",2015,66.23,123,0
2.63,25,11726.37,"Professional",1977,69.36,120,0
2.38,11,10238,"Buisness",1988,66.14,122,2
2.73,0,4991.8,"Other",1969,69.06,122,1
3.48,9,10350.63,"Humanities",1993,68.32,122,3
2.78,40,10287.39,"Humanities",1983,68.54,121,1
2.77,11,9715.86,"STEM",1980,71.43,120,3
2.77,8,11727.21,"Professional",1963,66.85,121,1
2.68,77,11747.05,"Professional",1991,66.59,120,1
3.32,26,10326.21,"Humanities",1999,68.7,120,1
2.22,13,11769.03,"Professional",2011,67.34,122,1
1.86,49,11818.35,"Professional",1992,66.44,121,2
2.82,9,11706.05,"Professional",1994,66.31,120,1
2.59,13,11732.34,"Professional",2007,68.44,125,1
3.18,39,13318.11,"Vocational",1977,72.6,120,1
2.09,2,10206.28,"Humanities",1978,66.8,123,1
2.04,34,11801.55,"Professional",1978,67.82,121,0
2.76,15,10286.96,"Humanities",1975,67.11,122,0
3.08,4,13318.89,"Vocational",1978,66.94,122,1
2.1,12,10214.2,"Humanities",2005,68.82,121,5
1.97,8,13172.95,"Vocational",2011,66.33,129,1
2.31,10,13229.15,"Vocational",1993,69.46,121,0
2.73,29,11731.15,"Professional",1964,65.86,123,0
2.47,21,5428.83,"Other",1964,68.83,124,2
2.34,4,13234.35,"Vocational",1994,67.49,120,0
3.36,11,11652.45,"Professional",2011,65.62,120,5
2.09,76,13210.38,"Vocational",2000,67.74,121,3
2.19,18,9774.94,"STEM",2006,66.87,120,0
1.44,40,11864.06,"Professional",1961,67.92,124,1
2.67,4,5007.29,"Other",1966,69.25,123,3
2.35,10,10242.63,"Humanities",1967,67.87,120,0
2.78,56,10280.06,"Humanities",1985,68.71,121,0
2.41,19,5366.08,"Other",2014,65.95,122,3
3.18,34,13328.92,"Vocational",1995,69.06,122,0
2.3,27,5743.33,"Other",1999,66.39,121,2
2.05,56,11777.96,"Professional",1993,67.33,122,1
2.51,25,9735.76,"STEM",2005,66.25,124,0
2.84,31,10284,"Buisness",1974,65.76,122,0
3.47,15,10341.43,"Humanities",1975,68.71,122,0
2.32,19,11769.14,"Professional",1984,64.63,120,0
3.12,8,11692.39,"Professional",1991,68.24,123,1
2.44,3,11758.08,"Professional",2000,70.65,122,0
2.54,0,9748.62,"STEM",1999,67.99,123,1
2.5,78,10257.41,"Humanities",2008,69.51,128,2
2.72,15,10266.96,"Humanities",1983,67.92,125,2
2.11,29,9786.51,"STEM",1970,69.8,121,0
2.02,7,5050.48,"Other",1993,68.25,124,1
2.21,35,13216.63,"Vocational",1970,70.04,130,1
2.57,28,13256.66,"Vocational",1974,68.63,123,1
2.37,33,6062.55,"Other",1967,69.05,123,2
2.5,20,13255,"Vocational",2011,70.8,121,1
2.08,3,11805.61,"Professional",1997,66.28,120,0
2.15,44,11788.92,"Professional",1977,69.75,121,1
2.46,14,9754,"Buisness",1973,64.73,128,1
2.93,8,5063.69,"Other",1969,67.67,121,2
3.24,28,9673.78,"STEM",2009,65.7,120,2
1.88,5,13207.85,"Vocational",1987,65.7,121,2
2.31,24,10214.62,"Humanities",2007,68.29,123,0
2.19,23,11774.6,"Professional",2001,64.67,123,1
2.69,3,10269.57,"Humanities",1961,69.01,124,1
1.93,42,9807.95,"STEM",1988,66.89,125,1
1.78,13,10165.48,"Humanities",1975,63.99,120,1
2.57,3,11734.09,"Professional",2003,64.74,121,0
1.77,4,13177.69,"Vocational",2014,68.88,123,0
2.7,18,11738.4,"Professional",1962,69.05,122,0
2.36,18,9745.54,"STEM",1989,67.75,120,1
3.34,36,9669.03,"STEM",1967,70.43,123,0
2.63,7,10261.91,"Humanities",1994,71.91,121,0
3.4,5,10338.64,"Humanities",2014,69.72,120,1
2.61,17,9752.05,"STEM",2005,66.08,124,1
2.7,52,10249.3,"Humanities",1984,71.73,120,3
3.24,13,11662.98,"Professional",1988,68.58,121,0
2.53,14,9749.65,"STEM",2007,69.72,123,1
2.25,4,13231.23,"Vocational",1988,65.73,120,3
2.45,8,5058.34,"Other",1970,68.24,121,0
2.19,62,13224.3,"Vocational",1996,70.12,121,1
2.09,2,5010.53,"Other",1965,67,122,1
3.38,4,11660.58,"Professional",1975,67.89,123,2
1.81,22,9812.62,"STEM",1999,65.72,123,1
2.44,40,9757.4,"STEM",1997,68.32,121,0
1.98,10,5098.37,"Other",1996,69.43,121,1
2.45,6,10224.68,"Humanities",1976,69.16,122,0
2.85,22,9709.51,"STEM",1995,69.09,121,2
3,2,10297.88,"Humanities",1975,66.02,121,1
2.58,2,9745.65,"STEM",1969,65.59,126,3
2.28,15,11757.63,"Professional",1997,67.21,122,2
1.62,22,11840.4,"Professional",2001,68.56,123,1
2.91,2,13311.31,"Vocational",1988,65.47,122,1
3.18,5,5020.22,"Other",2004,69.6,120,0
2.49,9,11734.38,"Professional",2013,69.74,122,2
3.09,14,10300.85,"Humanities",2006,64.1,120,1
2.82,30,10283.76,"Humanities",2008,68.59,123,1
2.11,13,9789,"Buisness",1987,72.45,120,2
2.57,9,11731.08,"Professional",2001,65.83,120,0
2.41,21,13242.81,"Vocational",1975,67.59,123,0
2.48,30,10221.24,"Humanities",2002,68.98,121,3
2.24,10,11758.28,"Professional",1983,65.12,124,0
1.02,10,11879.37,"Professional",1998,66.32,122,0
2.67,38,13266.01,"Vocational",2010,68.1,120,1
2.32,26,10233.99,"Humanities",2002,69.62,120,1
2.13,18,10213.81,"Humanities",1979,68.97,123,1
3.04,8,11693.79,"Professional",1983,67.29,122,0
2.57,34,9743,"Buisness",1973,69.14,121,2
1.13,12,11906.57,"Professional",2015,69.31,122,5
2.21,6,9783.28,"STEM",1962,67.85,123,0
3.46,42,13348.13,"Vocational",1970,66.44,121,1
2.86,5,13286.82,"Vocational",1985,66.18,120,2
2.85,16,10293.65,"Humanities",1962,70.44,127,1
2.89,11,11700.81,"Professional",1970,67.53,120,0
1.54,27,10158.22,"Humanities",1977,64.81,126,1
3.58,11,11641.67,"Professional",1982,69.22,123,2
2.78,24,13275.92,"Vocational",2007,68.35,120,1
2.63,30,13282.37,"Vocational",1977,69.54,122,0
2.86,14,13294.55,"Vocational",2008,67.98,123,1
1.88,23,5542.58,"Other",1989,69.05,121,1
3.03,29,13305.22,"Vocational",1994,64,122,0
2.66,13,11730.18,"Professional",2008,71.47,126,1
2.84,5,10284,"Buisness",1968,70.72,121,0
2.33,13,10250.8,"Humanities",1985,66.14,122,0
2.72,30,10274.9,"Humanities",1967,70.33,121,0
2.83,34,13273.37,"Vocational",2005,69.66,120,1
2.82,5,10282,"Buisness",2012,64.82,120,0
2.47,48,7290.51,"Other",1975,68.06,123,0
3.05,46,9694.23,"STEM",2000,71.89,120,2
2.22,37,6374.7,"Other",1972,65.99,122,1
2.05,61,10178.96,"Humanities",2006,66.7,121,1
2.98,17,11704.68,"Professional",2003,69.29,122,3
2.26,3,13231.08,"Vocational",1979,68.55,127,2
1.69,11,10174.07,"Humanities",1996,68.12,121,0
2.36,16,5249.02,"Other",1975,68.21,125,0
2.3,31,13238.61,"Vocational",2000,66.37,121,2
2.54,13,10244.24,"Humanities",2013,66.98,120,0
2.43,102,13262.51,"Vocational",1992,70.19,122,2
3,23,13309.41,"Vocational",1971,67.54,120,0
2.2,10,13216.25,"Vocational",1992,66.36,123,2
1.55,2,11845.15,"Professional",1966,71.33,122,1
2.78,32,13273.87,"Vocational",2012,67.42,124,0
2.36,32,11747.95,"Professional",1982,66.98,124,2
2.16,15,13209.74,"Vocational",1977,64.43,121,0
2.15,6,5056.29,"Other",1996,66.4,122,2
1.92,15,11816.43,"Professional",2009,72.69,120,4
2.71,11,10266.3,"Humanities",1989,66.94,120,1
2.01,13,11801.49,"Professional",1964,67.64,124,2
2.22,31,9775.12,"STEM",2010,70.17,122,1
2.93,63,13297.2,"Vocational",1975,68.14,124,0
2.42,16,9759.72,"STEM",2012,67.91,122,0
2.47,27,9744.75,"STEM",1963,66.59,120,0
3.2,94,9680,"Buisness",2007,66.46,122,2
1.63,14,9826.04,"STEM",1967,67.29,121,0
2.45,1,5020.58,"Other",1975,71.99,120,0
3.01,7,11683.27,"Professional",1985,69.51,121,1
2.07,33,9793,"Buisness",2005,69.15,123,1
2,1,9801.05,"STEM",1985,67.02,122,0
2.9,17,9710,"Buisness",2005,69.42,121,0
2.65,8,10284.91,"Humanities",1961,70.41,120,1
2.5,0,13256.47,"Vocational",1987,66.07,122,1
2.39,7,9754.47,"STEM",2001,66.69,122,0
3.1,1,5015.38,"Other",1972,67.57,124,0
2.21,15,11772.85,"Professional",1985,69.12,121,1
2.07,9,13210.59,"Vocational",2006,68.17,120,1
2.5,25,13251.12,"Vocational",1989,68.43,121,1
2.12,10,10193.01,"Humanities",1998,65.06,122,1
2.02,12,11807.84,"Professional",2001,67.96,121,1
2.77,22,11718.12,"Professional",1971,68.08,121,1
2.28,43,6845.08,"Other",2012,66.29,120,0
3.19,29,5857.59,"Other",2012,68.84,122,2
2.19,5,10220.71,"Humanities",1994,70.88,120,0
2.85,61,11714.3,"Professional",1966,70.31,122,2
2.58,22,13268.26,"Vocational",1996,70.65,120,1
3.09,1,13326.16,"Vocational",2007,66.24,123,0
2.99,6,10299,"Buisness",2002,70.89,120,1
2.52,10,13243.57,"Vocational",1999,70.62,124,1
2.24,14,11777.66,"Professional",1963,67.38,121,1
2.77,17,10272.67,"Humanities",1971,66.93,123,1
3.16,4,5004.35,"Other",1964,66.31,122,0
2.64,2,11733.43,"Professional",2003,68.74,121,1
3.17,41,10317,"Buisness",2010,65.35,138,1
2.65,39,9728.4,"STEM",2002,67.6,120,0
3.15,10,13312.45,"Vocational",1976,66.84,124,1
2.65,19,9735,"Buisness",1967,70.71,123,2
2.09,9,10213.49,"Humanities",1964,72.2,123,2
2.83,15,5233.11,"Other",1982,67.58,121,1
2.33,45,9767,"Buisness",1971,68.54,125,1
2.18,3,9774.07,"STEM",2014,63.09,125,0
2.7,11,10284.91,"Humanities",2009,66.95,121,2
2.36,35,6213.68,"Other",2014,68.46,124,3
2.03,4,10194.28,"Humanities",1965,68.4,121,0
1.71,25,9839,"STEM",1988,69.07,125,2
3.05,29,10314.33,"Humanities",1973,68.48,121,1
2.83,3,5005.14,"Other",1963,67.37,120,1
2.45,3,11757.59,"Professional",1981,67.23,122,2
2.12,2,9770.3,"STEM",1964,68.89,124,1
2.19,37,9781,"Buisness",1969,72.22,121,0
2.88,35,9696.2,"STEM",1968,67.2,120,1
2.93,5,11710.59,"Professional",2000,67.1,120,1
2.63,18,10262.57,"Humanities",2013,65.95,122,0
1.79,7,10179,"Buisness",2010,63.29,121,1
3.28,32,11657.1,"Professional",1966,71.18,120,0
2.5,3,13252.68,"Vocational",1975,67.37,122,1
2.35,45,13230.76,"Vocational",2001,71.71,122,3
2.71,54,10251.44,"Humanities",1967,70.51,122,0
3.45,16,11650.6,"Professional",1973,69.54,121,2
2.01,6,13230.75,"Vocational",2009,66.19,122,2
1.72,38,10181.85,"Humanities",2009,69,123,1
2.86,3,4988.14,"Other",1966,64.41,132,1
2.48,5,9756.96,"STEM",2010,66.72,121,0
2.12,9,5091.91,"Other",1996,68.13,121,0
3.25,13,10334.65,"Humanities",1991,65.08,120,0
2.23,13,5170.41,"Other",1963,64.05,122,0
2.55,6,10237.95,"Humanities",1987,67.79,121,2
3.37,4,10330.84,"Humanities",2005,67.28,121,0
2.71,36,6300.46,"Other",1974,65.95,121,1
2.28,29,11767.24,"Professional",1983,68.75,121,3
2.99,9,11684.78,"Professional",1989,67.03,121,1
2.82,62,9709.36,"STEM",1973,66.78,121,3
2.87,25,10281.08,"Humanities",1965,68.29,120,1
2.84,126,13265.79,"Vocational",2004,68.49,123,2
1.85,28,11823.23,"Professional",2003,69.66,124,2
2.11,30,10196.12,"Humanities",1968,65.58,120,0
3.05,21,9695,"Buisness",1963,67.73,123,1
2.87,33,13302.89,"Vocational",1977,66.05,123,1
2.53,56,11773.65,"Professional",1989,64.96,121,1
1.9,3,9810,"Buisness",2003,69.35,122,0
2.44,6,9755.17,"STEM",2012,65.97,121,1
2.32,37,13240.65,"Vocational",1973,68.36,121,0
2.1,16,10213.6,"Humanities",1970,66.88,124,0
2.14,17,13223.97,"Vocational",1966,65.37,121,1
1.96,4,10203.83,"Humanities",2014,64.63,122,0
2.9,35,10305.52,"Humanities",1996,65.33,122,0
3.44,15,10336.08,"Humanities",1978,66.21,122,4
1.91,3,9809,"Buisness",1979,66.95,120,0
2.07,20,11798.07,"Professional",2001,65.2,121,1
1.96,22,10188.78,"Humanities",1968,66.35,121,3
2.94,11,13294.74,"Vocational",1980,66.38,124,0
2.71,3,9715.92,"STEM",2006,70.18,124,1
2.66,1,10263.57,"Humanities",1999,68.32,120,1
2.04,15,13222.24,"Vocational",1997,67.62,121,1
2.35,5,9739.76,"STEM",1982,66.98,122,1
2.45,5,9769.84,"STEM",2000,66.92,121,2
1.77,37,10195.99,"Humanities",1996,69.19,121,1
2.5,45,10237.29,"Humanities",2013,66.64,123,1
2.73,21,13278.99,"Vocational",2001,65.9,121,2
1.9,42,9811.79,"STEM",1965,69.5,121,1
2.88,74,13291.86,"Vocational",2015,67.94,121,1
1.87,2,13185.05,"Vocational",1986,64.68,121,1
2.17,55,10208.78,"Humanities",1974,68.73,120,0
2.88,16,9712,"Buisness",1979,69.57,123,1
1.73,9,9826.95,"STEM",1998,67.42,120,0
2.44,0,13241.65,"Vocational",2000,69.5,121,3
1.83,12,9797.96,"STEM",2014,68.61,120,1
2.6,24,10265.07,"Humanities",2001,67.95,134,0
2.8,29,11702.87,"Professional",2003,69.36,121,1
2.67,26,9753.12,"STEM",1963,67.74,124,1
2.64,37,10260.55,"Humanities",1962,67.45,122,5
2.55,1,5005.97,"Other",1979,74.07,122,2
2.05,1,10193.41,"Humanities",1972,68.43,120,0
2.52,2,10252.88,"Humanities",1986,67.59,122,0
1.8,11,11828.68,"Professional",1964,67.53,122,0
1.67,20,13171.86,"Vocational",1965,70.53,126,0
2.54,3,11727.99,"Professional",1987,66.72,120,0
1.17,14,10118.05,"Humanities",1987,69.14,121,1
2.38,9,9764.18,"STEM",1995,69.9,128,2
2.76,14,10291.82,"Humanities",1969,68.27,123,1
2.66,12,11736.09,"Professional",1962,67.74,121,2
2.54,11,9746,"Buisness",1989,68.6,121,0
2.7,33,6092.21,"Other",1995,70.31,120,0
2.64,7,13258.63,"Vocational",2007,63.1,121,0
2.64,5,9734.18,"STEM",1973,67.78,121,0
2.75,5,13277.44,"Vocational",1986,67.25,120,1
2.74,38,13277.84,"Vocational",1964,71.48,125,1
3.2,27,10325.91,"Humanities",2012,67.21,124,1
2.67,38,11727.82,"Professional",1978,66.6,122,1
2.25,17,13211.87,"Vocational",2012,64.74,120,1
2.9,4,9728.38,"STEM",1984,67.46,120,1
1.44,1,10144,"Buisness",1970,68.42,123,3
2.41,29,10256.09,"Humanities",1963,68.61,121,6
2.93,2,9692.96,"STEM",1966,65.29,122,1
2.24,7,11772.01,"Professional",2013,67.01,125,0
2.48,25,9757.91,"STEM",1975,69.78,124,0
2.6,11,11733.47,"Professional",1969,67.21,122,0
2.26,14,5190.98,"Other",2007,67.38,128,1
2.38,8,5059.53,"Other",1971,67.81,121,0
2.69,25,11733.84,"Professional",1976,69.4,121,1
2.76,5,5007.47,"Other",1963,69.23,122,4
3.87,59,9613,"Buisness",1965,65.95,123,2
1.78,5,11802.41,"Professional",1969,68.5,123,0
3.45,5,11680.17,"Professional",1992,68.52,122,2
2.62,10,5115.17,"Other",2013,69.55,122,1
2.55,8,9737.56,"STEM",1994,72.99,121,0
3.2,30,10302.7,"Humanities",1993,69.17,121,0
2.49,9,10245.81,"Humanities",1985,66.81,125,4
2.4,28,11759.79,"Professional",2015,64.95,131,5
3.31,30,11674.21,"Professional",1998,68.5,120,0
2.58,7,5065.05,"Other",1962,69.39,123,2
2.97,9,9720.91,"STEM",2001,66.14,124,1
2.9,42,13284.15,"Vocational",2003,66.65,121,0
2.8,3,9697.96,"STEM",1974,69.48,121,0
3.01,6,5039.17,"Other",2011,68.37,126,0
2.61,18,11726.25,"Professional",1983,68.04,122,1
1.91,15,11799.92,"Professional",1987,67.38,120,1
2.9,16,9710,"Buisness",1979,68.63,120,0
2.95,58,10294.49,"Humanities",2009,69.01,123,3
2.73,19,10273,"Buisness",1962,65.86,120,0
2.84,4,10273.57,"Humanities",1998,66.6,121,1
2.46,14,11762.76,"Professional",1993,67.54,123,0
1.7,95,10162.01,"Humanities",1982,68.13,122,0
3.05,3,13312.95,"Vocational",1974,69.17,128,1
2.68,52,10276.28,"Humanities",1997,68.07,121,0
1.96,22,13203.38,"Vocational",2004,67.47,121,2
2.26,30,11774.83,"Professional",1998,68.91,125,1
2.6,31,11723.21,"Professional",1978,65.97,127,3
2.46,32,6009.7,"Other",1967,66.11,121,2
3.04,0,13299.81,"Vocational",1962,65.55,127,2
2.17,4,13215.31,"Vocational",1998,71.22,137,3
2.84,11,13291.56,"Vocational",1990,69.99,121,0
3.11,39,13315.75,"Vocational",1982,65.93,126,2
2.69,4,10272.4,"Humanities",1969,66.11,120,1
2.77,3,13258.19,"Vocational",1971,67.09,124,0
2.91,30,9703.03,"STEM",1975,67.26,121,0
3.1,13,5160.92,"Other",2013,68.28,123,1
2.09,12,10230.12,"Humanities",1970,69.86,122,3
2.48,9,5091.34,"Other",2006,67.56,121,1
1.99,12,11814.42,"Professional",1967,67.11,120,0
2,18,10201.08,"Humanities",1994,66.49,122,2
2.37,5,10247.5,"Humanities",2002,67.81,121,0
2.72,17,10272,"Buisness",1994,70.07,121,0
2.58,37,10250.17,"Humanities",1970,67.34,121,0
3.25,57,11666.57,"Professional",1968,66.33,125,0
2.35,4,11765.88,"Professional",2008,69.55,125,1
2.87,3,10287,"Buisness",2010,70.54,125,0
2.58,8,5073.1,"Other",2010,66.53,122,0
2.62,10,11732.52,"Professional",1988,66.53,122,0
1.56,1,9842.28,"STEM",2007,70.71,122,0
2.69,4,13286.98,"Vocational",2014,69.69,125,3
2.19,12,13212.92,"Vocational",1992,66.5,122,1
2.78,4,13282.94,"Vocational",1963,66.69,120,1
2.1,5,5011.96,"Other",1983,69.2,122,0
3.29,9,10310.67,"Humanities",1966,68.71,123,0
1.34,24,13131.11,"Vocational",1981,67.92,122,1
2.44,5,11743.96,"Professional",1967,71.85,123,0
2.28,11,10220.6,"Humanities",1983,65.35,120,0
2.87,23,5537.97,"Other",1973,68.15,120,0
1.47,4,10142.28,"Humanities",1967,66.37,121,2
2.92,9,5089.63,"Other",1975,70.01,123,1
2.75,43,10275,"Buisness",2010,64.68,120,0
2.31,20,10247.67,"Humanities",1985,67.17,124,0
3.06,16,10298.77,"Humanities",1965,70.22,121,0
2.28,11,11772.48,"Professional",1981,67.86,120,0
2.44,46,9756,"Buisness",2011,70.37,121,1
2.73,43,13267.72,"Vocational",2005,68.92,122,0
2.22,13,10222,"Buisness",1986,66.75,121,2
2.34,49,13228.85,"Vocational",1992,68.92,121,2
2.19,20,9781.05,"STEM",1971,66.24,120,4
2.64,50,9738.9,"STEM",2007,65.93,120,1
2.57,17,9734.21,"STEM",1970,70.37,123,1
2.14,4,11783.35,"Professional",2010,64.56,121,1
3.09,3,10306.76,"Humanities",2012,67.85,121,1
2.66,13,13270.19,"Vocational",1978,68.07,123,1
2.32,4,9757.45,"STEM",1990,64.83,123,0
2.26,8,10228,"Humanities",1996,64.42,129,1
2.78,8,13279.62,"Vocational",2008,67.94,123,0
2.61,68,13255.53,"Vocational",1964,69.66,122,0
2.04,9,9791.77,"STEM",1962,72.79,120,1
2.46,11,10246,"Buisness",1984,70.74,131,0
2.88,104,10279.71,"Humanities",1967,67.02,123,0
1.94,35,6210.88,"Other",1980,68.65,122,1
2.13,6,13219.02,"Vocational",1972,66.43,121,2
2.13,8,9764.91,"STEM",1972,65.69,121,0
2.1,23,13218.82,"Vocational",1968,68.01,121,1
2.44,4,13232.96,"Vocational",1999,69.15,122,0
2.69,2,9731,"Buisness",1993,68.06,122,1
2.51,2,13252.16,"Vocational",1972,64.29,121,0
2.77,3,13280.24,"Vocational",2008,69.67,123,0
3.07,37,13314.73,"Vocational",1999,67.86,120,0
2.68,40,11729.28,"Professional",1982,71.17,122,2
2.34,17,11783.32,"Professional",1961,64.41,123,1
2.76,38,9725.85,"STEM",1970,69,121,0
2.21,21,13211.91,"Vocational",1974,69.04,121,0
2.5,9,11748.86,"Professional",1967,69.4,122,1
2.91,5,10291,"Buisness",2012,67.69,121,1
2.68,20,10249.43,"Humanities",2004,66.34,121,1
2.67,3,9749.42,"STEM",1990,68.67,122,1
1.74,30,9810.86,"STEM",1964,66.46,121,0
2.6,32,13256.68,"Vocational",1971,72.22,121,1
2.91,81,9717.55,"STEM",1991,69.62,120,0
3.41,4,9667.26,"STEM",2004,65.18,122,1
2.95,1,10307.11,"Humanities",1987,71.35,122,4
2.38,35,11768.67,"Professional",1973,68.95,120,1
2.33,1,9772.14,"STEM",1986,68.12,121,3
2.5,24,13234.34,"Vocational",2013,70.25,122,2
2.87,4,13300.11,"Vocational",2006,66.93,124,1
2.77,31,5968.96,"Other",1972,67.43,120,1
1.62,19,9846.47,"STEM",1982,67.14,120,0
2.47,2,5003.49,"Other",1982,69.15,122,0
2.5,30,13247.49,"Vocational",1973,68.52,121,1
2.37,17,10225.93,"Humanities",1976,64.66,120,1
2.23,53,10223,"Buisness",1982,67.44,122,0
2.91,6,10306.37,"Humanities",1961,70.34,121,1
2.97,70,9707.33,"STEM",2013,68.16,122,2
2.88,2,13267.96,"Vocational",1966,67.77,121,1
2.43,13,10252.91,"Humanities",1982,68.5,120,0
2.97,9,13297.67,"Vocational",2015,70.43,120,2
2.09,0,13178.41,"Vocational",2004,67.49,122,1
3.13,5,11680.34,"Professional",1997,67.16,126,0
3.05,28,11689.75,"Professional",2008,69.8,128,0
2.25,4,11772.26,"Professional",1968,69,120,0
2.43,20,11761.24,"Professional",1980,65.44,120,1
2.57,55,13267.49,"Vocational",1967,68.95,122,2
1.28,2,10128,"Buisness",2004,69.19,121,3
3.19,4,9681,"Buisness",1985,66.92,120,1
2.25,5,11771.69,"Professional",1961,68.82,122,1
2.64,3,10242.27,"Humanities",1970,73.15,123,0
2.51,2,13266.72,"Vocational",1969,69.5,120,0
2.53,20,10265.18,"Humanities",2007,65.31,121,2
2.38,10,11770.12,"Professional",1979,66.92,128,0
2.78,4,13270.08,"Vocational",1966,68.88,121,1
2.3,20,13225.66,"Vocational",2000,65.5,120,1
1.94,59,11816.07,"Professional",2014,68.56,121,3
2.15,24,9778.65,"STEM",1984,67.96,123,1
2.06,62,9803.94,"STEM",1962,70.29,120,1
2.49,53,10246.8,"Humanities",1990,64.32,123,0
2.21,5,10217.38,"Humanities",1991,70.85,120,1
2.6,26,9738.54,"STEM",1986,68.95,121,1
2.85,35,13272.98,"Vocational",1996,72.03,121,1
1.89,6,13194.31,"Vocational",2007,67,121,0
2.77,7,9728.29,"STEM",1996,68.11,124,1
2.71,9,10273.68,"Humanities",1967,66.64,121,4
2.85,48,7302.63,"Other",1964,66.6,121,1
2.74,34,11716.66,"Professional",1977,67.38,122,2
1.75,3,13178.69,"Vocational",2009,68.07,121,0
1.87,24,9800.97,"STEM",2002,65.06,122,1
2.46,47,7209.32,"Other",1970,66.75,122,1
3.01,18,11705.03,"Professional",1996,69.04,121,4
3.16,2,11677.06,"Professional",2013,64.66,122,0
2.96,11,13289.14,"Vocational",2007,67.59,120,0
1.91,20,11802.42,"Professional",1991,73.54,121,1
2.4,5,13230.84,"Vocational",2013,67.73,124,1
2.53,46,9737.94,"STEM",1986,67.74,124,1
2.82,47,9707.97,"STEM",1990,72.71,121,1
2.75,2,13254.43,"Vocational",1968,67.04,122,1
2.67,1,11729,"Professional",2001,66.81,122,0
2.21,17,13218.67,"Vocational",1965,68.43,121,0
2.54,45,10234.88,"Humanities",1990,65.22,121,3
2.71,33,13275.83,"Vocational",1980,66.19,122,1
2.41,28,10241,"Buisness",2012,66.29,123,0
2.51,15,13244.84,"Vocational",1988,67.65,123,3
1.5,31,9858.85,"STEM",1991,66.97,124,1
2.84,81,11551.94,"Other",1992,66.62,121,0
3.31,2,11664.46,"Professional",2000,66.59,121,1
2.37,2,10243.84,"Humanities",2001,67.82,128,0
2.66,5,10271.91,"Humanities",2003,65.81,121,4
2.21,61,10209.48,"Humanities",1994,72.34,121,0
1.83,1,10183,"Buisness",1992,67.59,121,0
2.08,15,10202.86,"Humanities",1992,66.94,120,0
3.06,4,11695.02,"Professional",1968,69.06,121,1
2.85,19,10270.81,"Humanities",2009,68.41,123,1
3.01,2,10304.3,"Humanities",2013,68.37,126,0
2.5,42,9752.61,"STEM",1986,66.84,121,0
2.1,20,13202.34,"Vocational",1989,63.58,120,0
2.69,21,5442.27,"Other",1983,69.4,121,0
2.65,51,11733.33,"Professional",1962,64.45,120,2
2.18,11,11795.13,"Professional",1968,64.85,120,0
2.32,18,10232,"Buisness",1970,70.07,122,1
1.37,17,11869.67,"Professional",1997,65.28,123,1
2.65,8,10278.54,"Humanities",1971,70.61,123,0
2.09,22,9805.94,"STEM",2007,67.4,123,0
3.3,6,13329.47,"Vocational",2009,70.62,122,0
2.56,39,9753.98,"STEM",2004,71.02,122,1
2.81,7,11729,"Professional",1966,71.53,122,1
2.7,52,10268.92,"Humanities",1961,72.1,122,1
2.31,5,9758.67,"STEM",1982,68.15,122,2
2.28,13,13235.02,"Vocational",2001,65.2,121,3
2.32,29,11775.21,"Professional",1986,70.44,120,1
2.2,20,11768.28,"Professional",1973,66.85,121,1
1.81,19,9826.42,"STEM",2009,69.34,121,1
2.55,18,10277.57,"Humanities",2012,70.81,120,2
2.1,8,9783.7,"STEM",1980,68.84,124,0
1.82,41,10187.48,"Humanities",1989,71.05,128,0
3.07,18,10307,"Buisness",2004,69.86,120,1
2.34,61,13232.98,"Vocational",1971,67.05,125,0
2.43,12,13239.46,"Vocational",1990,69.01,120,1
2.13,16,10230.75,"Humanities",2009,67.15,121,1
2.9,8,5052.34,"Other",1998,69.75,121,1
2.68,3,10265.93,"Humanities",1999,69.98,121,0
2.79,20,9734.23,"STEM",2010,70.14,121,0
2.36,5,9767.91,"STEM",2008,68.93,121,0
2.11,13,10220.49,"Humanities",1995,66.2,121,0
2.87,50,9699.43,"STEM",1981,69.82,121,1
2.5,47,10241.89,"Humanities",1998,66.15,130,0
2.97,17,13286.53,"Vocational",1988,67.4,122,2
2.04,18,11809.45,"Professional",1972,69.01,124,2
1.76,0,5002.22,"Other",1995,70.37,122,1
2.46,62,10235.37,"Humanities",1970,67.05,122,1
2.3,22,13211.63,"Vocational",2011,65.38,122,2
1.74,54,11819.93,"Professional",1987,66.52,120,2
2.28,7,13228.88,"Vocational",1984,66.08,123,3
2.1,21,10214.98,"Humanities",1962,67.27,121,1
2.7,3,11739.93,"Professional",1998,67.32,121,1
2.16,18,10217.04,"Humanities",1970,70.64,125,8
1.83,7,5059,"Other",2005,64.65,122,1
1.76,3,11815.79,"Professional",2015,68.01,121,0
1.54,6,13143.49,"Vocational",1974,66.98,122,1
2.98,37,10310.3,"Humanities",2009,66.58,127,0
2.8,52,7711.51,"Other",1999,70.57,123,2
2.53,8,10236.05,"Humanities",1968,64.19,121,3
2.91,29,9701.92,"STEM",2005,69.16,121,0
2.96,1,5012.01,"Other",2000,67.76,120,1
2.34,8,13234.41,"Vocational",1987,68.06,121,0
2.57,11,13256.07,"Vocational",1976,70.19,121,5
2.47,80,9745.8,"STEM",2007,67.99,120,1
1.96,31,11793.56,"Professional",1981,68.69,122,0
2.45,3,10258.47,"Humanities",1983,66.23,121,0
2.09,102,10223.97,"Humanities",1993,66.48,121,2
1.38,18,11868.58,"Professional",1974,70.12,128,1
2.44,24,9756.88,"STEM",1999,67.44,121,3
3.31,22,13324.41,"Vocational",1989,68.95,124,2
2.51,74,11780.14,"Professional",1991,68.73,122,0
2.82,24,10275.98,"Humanities",1961,68.29,123,0
3.22,40,9658.2,"STEM",1993,65.95,121,1
2.38,8,9761.01,"STEM",1994,69.76,121,1
2.62,8,10256.77,"Humanities",1984,67.92,121,1
2.46,3,10243.54,"Humanities",1970,67.25,122,1
3.11,45,9697.02,"STEM",1979,67.13,122,2
1.71,35,10148.06,"Humanities",1974,67.88,121,0
3.33,35,9667,"Buisness",1977,67.38,120,0
2.6,1,9743.19,"STEM",1986,66.6,121,1
3.09,30,10318.87,"Humanities",2002,65.68,121,0
2.79,2,10272.61,"Humanities",1980,67.29,121,2
3.07,6,11687.4,"Professional",1979,69.05,121,0
3.25,76,11674.76,"Professional",2003,66.15,122,2
1.73,12,11825.25,"Professional",2000,65.27,121,1
2.4,8,5058.92,"Other",2004,65.67,120,2
3.15,11,11674.95,"Professional",1967,69.05,121,0
2.59,9,5070.52,"Other",1994,66.13,121,1
2.41,27,9759,"Buisness",2003,69.8,123,2
2.58,0,13249.36,"Vocational",1981,67.72,121,0
2.07,20,10206.71,"Humanities",1997,68.8,121,0
2.25,6,13221.26,"Vocational",1965,68.55,120,0
3.07,4,10303.16,"Humanities",1981,66.06,121,0
2.46,1,10255.04,"Humanities",1995,67.13,120,0
2.5,21,9746.63,"STEM",1968,70.62,121,1
3.36,24,10344.11,"Humanities",1966,69.92,120,0
2.39,1,13235.17,"Vocational",1965,70.53,120,1
2.67,3,10267,"Buisness",1984,63.54,121,0
1.85,21,9831.2,"STEM",2001,69.39,121,3
2.54,2,5008.38,"Other",1963,68.95,122,1
2.61,24,13259.73,"Vocational",2008,69.5,124,1
1.7,10,11829.98,"Professional",2014,67.02,120,0
2.08,83,13210.2,"Vocational",1993,67.15,120,0
2.88,5,13297.15,"Vocational",1982,66.17,123,1
2.67,40,9728.94,"STEM",1983,68.52,125,2
2.25,11,10225,"Buisness",2008,70.92,121,1
2.23,2,13232.03,"Vocational",1995,65.58,123,1
3.58,7,13349.46,"Vocational",1998,67.3,122,1
1.49,13,10142.47,"Humanities",2008,70.35,124,0
2.84,8,9716,"Buisness",1987,67.71,123,1
2.64,28,13265.78,"Vocational",1971,65.4,121,0
2.44,16,9756,"Buisness",1997,67.05,121,2
2.74,10,13267.42,"Vocational",1972,67.71,120,0
2.83,6,9734.87,"STEM",2011,66.38,120,0
2.35,32,10227.59,"Humanities",1985,69.88,120,2
1.97,52,11806.61,"Professional",1961,67.43,120,0
2.62,16,10266.39,"Humanities",1971,64.48,123,2
2.71,3,9722.89,"STEM",1965,64.79,121,1
1.71,12,9816.52,"STEM",2011,67.78,121,0
2.08,31,10208.92,"Humanities",1987,70.13,120,1
3.08,2,11695.38,"Professional",2013,67.47,122,1
3.25,115,10334.04,"Humanities",1984,67.37,121,0
3.04,2,9680.2,"STEM",1990,70.23,121,1
2.38,3,10243.02,"Humanities",1997,69.07,121,0
1.64,29,13149.89,"Vocational",2015,63.34,121,0
2.66,2,9734,"Buisness",2005,69.52,122,1
2.59,3,11730.89,"Professional",1993,68.12,121,1
2.12,8,5072.66,"Other",1976,67.42,125,0
2.41,24,9758.06,"STEM",1983,67.41,128,0
2.72,1,10276.84,"Humanities",1968,68.54,120,3
2.67,13,10276.25,"Humanities",2007,68.83,126,1
2.53,11,11739.46,"Professional",2015,67.99,123,0
1.88,12,9812.11,"STEM",1984,68.2,120,1
1.57,2,13138.13,"Vocational",1993,67.65,123,0
2.24,49,9766.02,"STEM",1962,65.37,123,3
1.53,16,11839.09,"Professional",1961,67.1,120,0
2.99,3,10299.17,"Humanities",1983,72.12,120,1
2.8,22,9728.11,"STEM",2010,69.27,121,0
2.79,5,13283.99,"Vocational",1968,65.44,120,1
2.61,6,13260.57,"Vocational",2005,68.53,122,2
2.95,4,9680.82,"STEM",1996,72.4,120,2
2.55,0,9745.48,"STEM",1982,66.84,122,1
2.06,16,11794.39,"Professional",1992,66.41,121,0
2.79,7,5058.73,"Other",1961,64.77,122,1
2.31,3,10222.55,"Humanities",1971,67.36,122,1
2.14,22,5471.97,"Other",1967,64.52,121,1
2.87,17,5296.54,"Other",1995,65.35,122,0
3.13,3,11677,"Professional",1994,63.24,122,0
2.7,2,11728.62,"Professional",1968,67.26,121,1
2.86,29,13284.85,"Vocational",2002,69.59,125,1
3.12,15,10299.12,"Humanities",2005,67.69,121,0
3.13,30,10307.95,"Humanities",1971,66.7,120,0
2.14,3,9783.73,"STEM",1984,64.48,124,0
2.51,19,13233.25,"Vocational",2012,70.36,120,2
2.71,0,11732.34,"Professional",1970,64.69,122,0
2.5,50,7500.73,"Other",2014,67.5,122,0
3.23,13,10315.24,"Humanities",1968,70.86,121,1
2.35,24,11770.58,"Professional",1969,68.06,130,2
2.7,3,10273.99,"Humanities",1978,66.51,120,1
2.76,52,9732.43,"STEM",1978,71.68,122,1
1.99,5,13192.09,"Vocational",1998,68.05,125,0
2.65,23,9718.6,"STEM",1965,70.49,123,5
3.08,16,11682.93,"Professional",1990,70.26,121,0
2.57,22,11743.9,"Professional",1983,68.1,121,2
3.04,35,11694.67,"Professional",1987,65.73,121,0
3.17,19,11691.25,"Professional",1982,69.26,121,0
2.17,10,10212.85,"Humanities",1970,65,122,1
3.15,1,13306.85,"Vocational",1965,65.81,121,2
1.92,25,5610.55,"Other",2011,65.58,121,1
2.64,25,11730.32,"Professional",1972,69.19,120,0
3.07,45,7040.12,"Other",1963,65.35,123,0
2.47,41,13236.49,"Vocational",1990,68.94,122,2
3.25,7,10325,"Buisness",2000,72.11,120,3
3.65,20,9649.67,"STEM",1990,70.25,120,1
2.14,12,11785.57,"Professional",1987,68.36,120,1
2.02,28,9787.17,"STEM",1972,65.43,121,1
3,3,13302.76,"Vocational",1989,65.9,121,2
2.53,17,11756.25,"Professional",1972,69.37,122,1
3.38,3,5010.67,"Other",1980,70.46,122,0
3.01,31,5969.74,"Other",1981,64.9,121,2
2.71,40,9732.53,"STEM",2002,68.19,122,2
3.09,0,10326.28,"Humanities",1995,70.39,121,1
1.94,23,11816.39,"Professional",1988,64.26,122,0
3.22,0,9662.15,"STEM",2007,63.93,122,1
2.18,23,11777.91,"Professional",1968,68.41,121,0
1.8,1,10180,"Buisness",2002,63.42,121,4
2.12,14,13241.48,"Vocational",1974,67.1,121,2
2.5,5,13238.15,"Vocational",1994,70.4,126,0
2.55,12,13266.59,"Vocational",1968,66.42,122,0
2.52,19,10255.6,"Humanities",1985,70.42,123,2
2.68,8,13260.15,"Vocational",1964,67.79,120,1
3.05,11,5114.37,"Other",1986,67.46,121,0
2.11,10,10195.22,"Humanities",1984,69.2,122,1
3.01,3,9699,"Buisness",1983,69.58,121,0
2.18,15,9767.99,"STEM",2008,67.9,123,0
1.98,0,9776.73,"STEM",1989,64.42,123,0
2.41,57,10242.65,"Humanities",2013,69.94,121,0
2.11,49,13207.23,"Vocational",1989,71.14,121,0
2.07,47,11797.66,"Professional",1968,68.01,120,3
2.06,8,13216.85,"Vocational",1963,71.76,120,1
2.11,13,11782.63,"Professional",1985,70.94,120,1
1.63,16,10163.1,"Humanities",1975,70.55,120,0
3.28,17,11666.37,"Professional",1964,64.75,123,1
2.51,21,13247.36,"Vocational",1983,68.19,122,2
2.79,14,11716.91,"Professional",1994,64.1,121,0
2.19,23,10223.56,"Humanities",1963,69.65,123,1
2.49,17,13246.85,"Vocational",1989,66.59,125,0
3.33,12,13332,"Vocational",1997,69.4,120,1
1.7,18,13159.69,"Vocational",2011,69.9,121,0
2.61,1,10261,"Buisness",2014,72.27,121,1
2.06,6,11802.44,"Professional",1972,69.82,121,1
2.34,33,11771.26,"Professional",2013,70.41,121,1
2.56,9,13268.77,"Vocational",1988,71.28,120,0
3,3,10318.7,"Humanities",1970,70.82,122,0
1.93,29,13194.32,"Vocational",1962,68.69,120,0
2.85,19,9722.68,"STEM",1967,69.34,121,1
2.49,28,9752.28,"STEM",1980,69.95,121,0
2.38,14,9760.95,"STEM",1968,67.62,122,1
1.85,5,9815,"Buisness",1995,63.88,122,3
3.24,53,9680.4,"STEM",1963,67.81,120,3
2.67,17,13275.2,"Vocational",1991,70.06,122,0
1.56,8,10160.56,"Humanities",1989,66.56,121,2
2.82,8,5075.2,"Other",1989,68.67,122,0
3.06,1,13329.79,"Vocational",1995,67.05,122,1
2.4,4,9753.1,"STEM",1980,68.77,121,1
2.92,26,5684.24,"Other",1969,65.85,123,0
2.48,2,9755.77,"STEM",1990,64.28,121,2
1.78,18,5322.09,"Other",2010,69.6,121,1
2.62,22,10288.87,"Humanities",1970,70.39,123,6
1.8,46,7131.6,"Other",2002,67.35,120,0
1.73,7,9837.72,"STEM",1961,64.93,122,0
2.85,2,9713.45,"STEM",1991,64.65,121,4
2.13,20,10211.01,"Humanities",1962,68.23,121,1
2.38,6,13233.17,"Vocational",1966,66.13,122,0
2.86,36,11723.83,"Professional",2003,67.34,121,0
2.02,12,10220.72,"Humanities",1995,62.93,120,0
1.33,85,11866.53,"Professional",1979,69.66,124,3
2,4,13193.42,"Vocational",1967,67.62,121,0
3.31,6,13332.43,"Vocational",1964,66.54,126,0
3.14,21,11690.54,"Professional",1978,66.82,122,0
2.61,3,10260.98,"Humanities",1996,66.8,120,2
2.49,34,11742.54,"Professional",2013,66.71,123,1
2.83,9,10283,"Buisness",2010,67.71,121,0
2.99,0,10299,"Buisness",2004,67.08,121,1
2.47,13,9753,"Buisness",1993,67.29,122,1
2.69,90,9716.23,"STEM",1972,68.78,120,0
2.08,3,10204.54,"Humanities",1977,70.2,122,0
1.99,12,10198.37,"Humanities",1962,67.77,120,2
3.43,10,13330.01,"Vocational",2003,69.65,122,1
2.69,5,10269,"Buisness",1996,69.72,121,0
2.41,30,11748.62,"Professional",1997,71.2,121,1
2.74,7,9719.17,"STEM",2002,68.58,120,1
2.19,8,13208.43,"Vocational",1997,67.35,128,1
3.25,45,7035.88,"Other",2009,69.34,122,1
2.49,4,13234.61,"Vocational",2009,67.13,120,1
2.02,12,9809.4,"STEM",1974,67.22,125,1
2.58,16,10247.52,"Humanities",2015,70.2,125,1
2.53,8,5058.38,"Other",1987,69.47,122,1
2.7,13,13264.63,"Vocational",1963,70.39,121,1
2.33,93,13645.04,"Other",1980,72.19,122,0
2.96,10,13294.3,"Vocational",2005,65.45,120,0
3.16,18,13305.72,"Vocational",1967,71.57,121,1
2.18,39,6525.1,"Other",1990,66.38,120,0
2.2,8,13221.56,"Vocational",1991,69.6,123,1
2.37,21,10248.58,"Humanities",1983,69.6,124,1
2.04,12,9795.57,"STEM",1969,70.25,122,1
3.01,13,10301,"Buisness",1976,69.23,133,3
2.33,35,9767,"Buisness",1967,67.75,124,1
2.28,14,13223.38,"Vocational",2010,66.69,121,3
2.88,63,11721.98,"Professional",2007,65.5,123,1
1.76,3,10177.21,"Humanities",1969,69.61,126,0
2.5,41,11758.21,"Professional",1980,66.58,120,0
2.71,75,13277.04,"Vocational",1980,67.26,121,1
3.36,15,9664,"Buisness",1993,68.67,121,2
2.35,13,11780.55,"Professional",1965,69.38,120,0
2.17,22,10218.97,"Humanities",1970,66.04,122,0
2.69,6,10269,"Buisness",2008,67.51,120,0
3.2,23,10320,"Buisness",1978,67.9,120,0
3.17,4,11682.67,"Professional",2002,70.21,121,1
2.82,23,13284.83,"Vocational",1964,70.07,120,1
3.26,5,11665.73,"Professional",1990,67.42,124,1
2.59,21,11731.45,"Professional",1977,66.82,120,1
2.32,14,13227.2,"Vocational",1997,67.65,121,1
2.08,9,5088.56,"Other",1981,64.75,121,1
3.5,17,11663.19,"Professional",1965,68.21,122,0
2.74,7,11744.04,"Professional",1964,68.84,121,0
2.68,3,11738.97,"Professional",2004,71.18,121,0
3.06,1,13306.28,"Vocational",1970,69.73,120,1
3.15,33,11681.18,"Professional",1970,71.32,122,0
2.62,37,6341.38,"Other",2009,66.8,124,1
1.61,16,11830.91,"Professional",2004,67.57,122,0
1.64,3,9817.76,"STEM",2013,65.96,121,2
3.05,20,11700.32,"Professional",1961,69.03,122,3
2.4,61,8721.83,"Other",1983,67.2,120,1
2.63,14,13247.07,"Vocational",1993,69.19,121,1
1.97,21,5447.59,"Other",1991,70.16,121,1
2.12,15,11780.66,"Professional",1972,69.35,122,1
3.04,3,10308.94,"Humanities",1996,71.16,120,2
2.91,16,9710.07,"STEM",1988,66.05,121,0
2.34,28,13247.05,"Vocational",2005,67.58,120,1
2.79,21,11743.46,"Professional",1968,69.2,121,1
2.55,79,13260.1,"Vocational",1999,62.91,120,1
2.4,79,13239.68,"Vocational",1970,66.24,123,0
2.39,1,11768.29,"Professional",1971,70.08,120,0
2.29,2,11771.65,"Professional",1964,70.3,125,1
2.43,7,13236.27,"Vocational",1976,71.33,121,2
3.26,11,10320.74,"Humanities",1999,68.16,121,1
3.23,6,9675.96,"STEM",2006,65.9,120,1
1.74,30,10164.38,"Humanities",1997,66.27,124,0
2.6,1,4996.34,"Other",1983,64.74,122,0
2.6,10,13245.37,"Vocational",1994,68.4,120,1
2.74,14,11718.5,"Professional",1975,70.39,120,1
1.95,58,9809.32,"STEM",1969,63.63,123,1
2.19,1,13224.87,"Vocational",1979,68,121,0
2.97,4,5009.42,"Other",2003,70.32,121,0
2.18,14,10241.14,"Humanities",2004,66.28,122,1
2.16,0,11792.21,"Professional",1967,70.47,121,1
2.87,11,11717.71,"Professional",1991,65.57,121,4
3.32,50,9675.13,"STEM",1996,70.29,122,1
2.88,13,9712,"Buisness",2013,65.64,122,0
3.02,4,11693.92,"Professional",1968,70.08,123,1
2.16,18,13230.11,"Vocational",1964,71.17,121,1
3.63,26,13362.41,"Vocational",2013,65.83,121,1
3.07,3,9694.61,"STEM",1962,67.26,122,2
1.89,9,9811,"Buisness",1983,71.01,121,1
2.53,17,10230.6,"Humanities",2006,70.29,124,2
3.04,82,9692.51,"STEM",1963,68.8,126,0
3.57,7,13352.7,"Vocational",1988,69.38,124,2
3.18,30,11669.37,"Professional",1971,69.14,122,1
2.11,14,10205.81,"Humanities",2001,66.78,122,0
2.54,46,9733.41,"STEM",1970,70.73,120,1
2.66,21,11734.69,"Professional",2003,65.53,126,1
3.51,7,9643.34,"STEM",1972,65.57,124,2
2.2,12,11761.57,"Professional",1989,68.32,122,1
2.04,0,10204.05,"Humanities",2013,67.98,123,2
2.14,0,9797.71,"STEM",2013,68.47,127,2
2.08,0,5001.28,"Other",1965,69.56,123,2
2.26,37,10226,"Buisness",1984,67.14,123,1
2.64,22,10262.02,"Humanities",1982,68.25,123,1
2.92,8,11718.68,"Professional",1976,72.55,121,1
2.46,21,11745.73,"Professional",1965,69.5,122,1
3.28,5,10339.97,"Humanities",1997,67.39,121,0
1.78,5,10164,"Humanities",1993,67.11,121,1
1.9,164,10163.82,"Humanities",1995,70.67,120,1
2.99,5,9707.03,"STEM",2003,69.8,121,1
2.48,9,9752,"Buisness",1969,67.65,120,1
2.95,2,10284.92,"Humanities",1974,66.04,121,0
2.94,10,11719.88,"Professional",1986,65.86,121,2
2.38,1,11777.51,"Professional",1993,67.85,120,3
3.07,8,9684.25,"STEM",2007,71.67,121,3
2.37,34,11755.14,"Professional",1964,67.87,122,0
2.18,23,9782.8,"STEM",2011,65.57,124,0
2.32,32,13254.97,"Vocational",2001,67.53,128,1
2.6,57,9750.93,"STEM",2007,69.34,120,1
3.1,16,9681.3,"STEM",1997,67.92,121,2
2.34,9,9763.7,"STEM",1974,66.99,120,1
2.96,1,9704,"Buisness",2013,65.46,120,0
1.89,25,11801.2,"Professional",1987,68.75,120,1
1.57,11,9833.1,"STEM",1990,72.33,122,1
1.62,30,11843.46,"Professional",2005,66.87,120,1
2.92,54,10293.99,"Humanities",1989,69.77,121,0
2.4,3,13241.89,"Vocational",1972,74.23,121,2
2.72,46,10280.88,"Humanities",2003,70.73,121,0
2.4,12,9760,"Buisness",1971,65.63,125,1
2.63,30,13252.64,"Vocational",2015,66.93,123,0
2.85,2,10278.85,"Humanities",1971,63.06,120,3
2.71,6,13275.62,"Vocational",2007,69.53,121,0
3.03,2,9697,"Buisness",2005,70.31,125,1
2.05,23,11795.15,"Professional",1988,69.49,122,0
2.05,7,10204.7,"Humanities",1989,67.84,125,1
2.73,12,13269.29,"Vocational",2011,68.41,125,1
1.79,2,9822.31,"STEM",1987,68.13,124,0
2.5,4,5000.62,"Other",1977,68.07,122,1
2.84,42,9711.65,"STEM",1968,67.88,120,3
2.64,54,13270.41,"Vocational",1965,64.91,121,1
1.98,23,9802,"Buisness",1979,68.52,122,3
1.62,10,10163.81,"Humanities",2002,68.95,120,1
1.82,69,13177.8,"Vocational",2006,67.06,123,1
3.01,25,9695.24,"STEM",2015,68.24,123,0
3.11,64,9690.15,"STEM",1987,69.32,122,1
2.44,1,5005.7,"Other",2012,69.39,120,0
2.05,36,13196.7,"Vocational",2008,65.99,121,0
2.82,5,11723.83,"Professional",1984,69.29,120,1
3.11,30,10306.95,"Humanities",1977,66.56,126,0
2.4,21,9760,"Buisness",1973,66.58,121,0
2.3,16,10231.93,"Humanities",1983,66.64,125,1
2.46,0,9755.08,"STEM",1996,69.81,122,0
2.55,23,5525.44,"Other",1995,68.33,122,0
2.76,11,11698.17,"Professional",2002,67.42,121,0
3.19,14,13304.98,"Vocational",1994,69.32,122,0
1.96,4,11796.03,"Professional",2009,69.67,122,1
3.25,18,9675,"Buisness",1995,68.04,120,0
1.53,21,11842.7,"Professional",2010,65.63,121,0
2.37,30,11756.02,"Professional",1985,70.86,123,2
1.86,34,6151.17,"Other",1988,69.42,127,2
2.69,6,9719.04,"STEM",1963,68,122,1
2.24,18,10228.8,"Humanities",2009,68.23,123,0
2.71,12,10268.07,"Humanities",1996,70.95,121,0
1.48,16,9836.16,"STEM",2010,67.98,124,0
3.05,20,13289.48,"Vocational",2013,68.55,120,2
2.43,14,10228.96,"Humanities",2000,65.65,121,0
2.54,41,11728.05,"Professional",2007,67.62,123,0
3.64,6,5018.6,"Other",1993,69.8,122,0
2.5,11,11743.06,"Professional",1963,68.14,121,3
2.33,109,13261.74,"Vocational",1965,67.11,120,1
1.94,27,9801.89,"STEM",1972,67.39,121,1
2.2,0,9780.56,"STEM",1966,67.41,121,0
2.64,1,10263.07,"Humanities",1986,70.55,121,0
2.45,51,9755,"Buisness",1997,65.96,124,0
3.03,1,9708.45,"STEM",2005,70.34,121,3
2.48,3,13237.6,"Vocational",1975,68.02,120,1
1.6,7,5043.76,"Other",1962,67.31,124,1
2.91,57,11717,"Professional",1984,65.57,120,1
3.05,30,9690.83,"STEM",2002,67.35,125,0
2.31,3,4999.12,"Other",2010,68.82,122,0
3.06,24,10307.62,"Humanities",1974,71.11,121,2
2.33,22,13239.54,"Vocational",1973,66.34,121,0
1.94,12,9803.66,"STEM",1985,67.66,121,1
2.18,32,10224.82,"Humanities",1965,67.83,126,3
2.73,1,13281.47,"Vocational",2000,69.61,121,0
3.1,76,10295.49,"Humanities",1999,68.52,121,0
2.38,10,5093.94,"Other",1993,67.26,120,0
2.45,19,5348.9,"Other",2003,67.84,121,0
2.89,3,9711.07,"STEM",1997,68.01,120,1
2.67,10,10270.14,"Humanities",1994,70.31,122,0
2.43,38,13245.75,"Vocational",1985,69.94,121,0
2.64,13,10287.64,"Humanities",1967,64.45,120,1
1.82,4,9817.37,"STEM",1971,69.75,124,0
1.56,9,13160.88,"Vocational",1973,71.02,121,0
2,7,5040.43,"Other",2002,69.07,124,0
2.42,27,10248.17,"Humanities",1991,68.06,120,0
1.81,72,9821,"STEM",1977,69.21,128,2
2.26,20,5391.43,"Other",1985,68.11,121,1
2.64,27,9745.35,"STEM",1975,70.51,122,0
2.56,23,10239.68,"Humanities",1983,66.46,121,1
2.71,64,10257.07,"Humanities",1965,71.14,120,2
2.57,2,10239.27,"Humanities",1971,68.64,121,0
2.51,38,11747.09,"Professional",2012,67.06,121,2
2.19,11,13222.7,"Vocational",1986,69.16,121,0
1.96,10,13205.63,"Vocational",1968,64.79,121,1
2.44,6,9760.19,"STEM",1995,70.5,124,1
2.45,38,13230.77,"Vocational",1977,71,122,0
2.74,16,5254.18,"Other",1983,71.61,123,0
2.42,41,13245.94,"Vocational",1994,68.87,122,0
2.72,2,11717.05,"Professional",1966,67.5,121,1
2.82,48,10283.7,"Humanities",1978,65.77,122,3
2.39,1,11758.31,"Professional",1977,69.56,120,0
2.3,55,11781.97,"Professional",1999,67.57,121,2
2.47,23,13246.86,"Vocational",1984,63.6,130,1
3.43,12,13369.04,"Vocational",1972,71.57,121,2
1.93,11,11814.96,"Professional",1976,63.88,121,1
2.42,28,10227.93,"Humanities",1991,68.07,123,1
2.61,18,11721.75,"Professional",1978,66.09,121,0
1.95,72,13178.72,"Vocational",1989,69.68,123,0
1.94,14,9799.07,"STEM",1993,65.14,120,0
2.52,5,10256.59,"Humanities",1973,70.18,121,0
1.74,14,10174,"Buisness",2008,68.24,122,2
2.79,27,11728.93,"Professional",1993,67.39,124,0
3.16,12,13320.1,"Vocational",1977,65.26,121,0
2.11,26,11810.57,"Professional",1962,67.74,121,0
2.34,82,11749.03,"Professional",2013,68.22,122,1
3.48,44,10340.9,"Humanities",2001,66.47,122,0
2.73,56,13284.49,"Vocational",1996,64.73,120,1
2.45,0,9758.98,"STEM",1991,68.24,121,1
2.94,34,13292.34,"Vocational",1984,69.8,120,3
2.12,16,10202.36,"Humanities",1975,66.42,121,1
2.39,136,11767.83,"Professional",1983,69.23,122,2
2.16,5,5030.56,"Other",1994,67.96,122,0
2.69,25,9731,"Buisness",1975,69.98,120,1
3.73,6,10386.78,"Humanities",1993,71.52,121,1
2.73,0,9716.93,"STEM",1963,66.31,121,1
2.06,6,9796.36,"STEM",1986,70.59,122,0
2.57,16,10258.72,"Humanities",1968,69.67,121,0
2.31,34,6158.95,"Other",1961,69.5,121,0
3.28,12,11682.49,"Professional",1999,67.2,125,2
2.61,3,11739.62,"Professional",1996,68.07,121,0
1.42,40,9858,"Buisness",1963,67.45,126,1
1.84,59,13180.67,"Vocational",1973,69.04,124,5
1.69,4,9833.48,"STEM",1980,64.86,123,0
2.11,14,13216.74,"Vocational",1991,70.69,120,1
2.71,55,9730.65,"STEM",1996,68.26,125,0
2.12,33,10220.85,"Humanities",2011,65.37,126,3
2.47,21,9738.77,"STEM",1979,67.7,120,2
2.84,6,10284,"Buisness",1990,67.49,122,0
2.24,2,9777.45,"STEM",1996,71.4,122,2
2.61,20,10260.69,"Humanities",1977,67.31,121,0
2.58,5,5018.61,"Other",1966,67.1,120,1
2.94,12,11705.29,"Professional",1997,72.27,127,1
2.74,76,11720.39,"Professional",1990,68.63,120,0
2.7,13,10278.23,"Humanities",1969,68.05,120,3
2.67,4,13254.8,"Vocational",1981,70.58,124,1
2.63,1,10270.57,"Humanities",1970,66.52,122,0
2.21,5,5027.14,"Other",2007,70.65,121,0
2.77,3,13289.27,"Vocational",2008,67.51,121,0
2.28,7,11777.08,"Professional",1977,70.87,125,0
3.05,2,9695.58,"STEM",1977,66.93,122,0
1.96,11,10197.98,"Humanities",1983,67.13,122,1
2.73,49,10269.95,"Humanities",1987,73.29,121,0
2.48,0,9760.27,"STEM",1995,65.53,122,0
2.01,55,13215.13,"Vocational",1976,65.06,120,1
2.63,34,10263,"Buisness",1982,68.25,126,1
2.37,2,10228.37,"Humanities",2000,65.6,120,1
2.56,8,11745.17,"Professional",1963,68.25,121,1
3.59,31,10387.49,"Humanities",2001,65.43,120,0
2.57,12,13271.46,"Vocational",1961,70.89,123,1
2.99,6,13293.9,"Vocational",1963,67.59,120,0
2.54,35,9728.08,"STEM",1964,69.98,120,0
3.43,20,10347.82,"Humanities",2012,66.66,120,0
2.52,15,9737.42,"STEM",1968,70.12,121,1
2.76,24,5599.9,"Other",1966,64.37,122,4
1.45,3,13153.09,"Vocational",1970,65.09,121,1
3.01,11,11697.24,"Professional",1988,67.3,132,0
2.85,84,11721.1,"Professional",1961,66.65,120,2
2.44,1,10244,"Buisness",2002,67.99,122,0
2.14,0,11781.97,"Professional",1963,71.12,122,0
3.43,7,11670.99,"Professional",2010,66.33,122,3
2.06,48,7292.2,"Other",2003,66.14,121,0
1.85,29,13192.53,"Vocational",1968,70.72,121,3
2.96,4,13297.17,"Vocational",1991,69.31,121,0
2.56,41,11728.71,"Professional",1998,66.33,124,2
2.21,13,11769.21,"Professional",1999,65.93,121,0
1.46,13,9852.43,"STEM",1992,66.99,121,1
2.55,1,10270.58,"Humanities",2009,68.36,124,2
2.7,13,13254.28,"Vocational",1966,70.82,120,0
3.32,39,13337.82,"Vocational",1967,63.63,120,0
2.93,0,4992.48,"Other",1963,70.18,121,1
2.8,6,13268.88,"Vocational",1995,69.2,123,0
2.06,0,13199.85,"Vocational",1983,70.47,120,0
2.5,24,10241.56,"Humanities",1962,68.69,122,1
1.78,5,10183.84,"Humanities",1982,66.98,121,1
2.03,30,10203,"Buisness",1968,67.15,121,3
2.61,13,13266.9,"Vocational",1990,69.67,122,0
3.13,5,13329.99,"Vocational",1986,65.31,121,0
2.95,3,11709.86,"Professional",1973,66.57,121,1
1.72,2,9828,"Buisness",2007,66.74,121,1
2.05,43,11795.51,"Professional",1963,69.86,124,0
2.02,13,5177.54,"Other",1963,72.89,125,1
1.93,7,9806.59,"STEM",1990,69.42,123,1
2.88,7,10279.14,"Humanities",1964,65.48,121,1
2.5,7,10242.89,"Humanities",1966,67.64,120,3
2.93,29,10287.28,"Humanities",1970,67.4,123,2
2.82,13,10264.01,"Humanities",1976,67.48,120,1
1.32,6,9872.47,"STEM",1976,67.89,120,3
1.81,13,11810.62,"Professional",2013,68.33,120,0
2.16,10,10220.88,"Humanities",1988,67.24,121,1
2.9,2,11710.32,"Professional",1975,68.72,121,3
1.77,54,11841.92,"Professional",1962,61.49,121,3
3.17,43,9684.39,"STEM",2006,68.93,121,1
2.19,0,10202.47,"Humanities",2015,67.86,121,0
2.13,1,11787.76,"Professional",1972,67.07,121,0
1.81,6,9805.59,"STEM",1991,65.13,125,1
1.57,25,13155.49,"Vocational",2008,67.83,122,0
3.02,20,13295.54,"Vocational",1965,69.68,120,0
1.75,15,11829.01,"Professional",2008,68.8,121,1
3.01,4,5015.4,"Other",1969,65.06,128,1
2.5,52,9743.32,"STEM",1995,65.54,120,1
1.41,61,13132.15,"Vocational",1979,68.96,124,1
2.16,11,11796.86,"Professional",1994,69.68,120,0
2.5,2,4997.34,"Other",1984,72.02,122,2
1.74,8,13165.85,"Vocational",1973,66.71,121,1
2.27,16,9773,"Buisness",2003,65.05,125,2
2.76,29,10271.93,"Humanities",1993,68.82,125,0
2.77,39,11724.06,"Professional",1987,68.71,123,3
2.52,2,10260.61,"Humanities",1962,67.96,121,2
2.65,16,10273.33,"Humanities",1974,67.22,121,0
3.35,58,11667.44,"Professional",1976,67.09,120,0
2.41,26,13242.75,"Vocational",1962,65.12,125,1
2.9,23,10287.01,"Humanities",2014,68.28,121,2
2.18,10,10227.6,"Humanities",1973,67.69,122,1
2.4,4,10232.48,"Humanities",2007,68.52,122,1
3.05,31,10302.41,"Humanities",1988,70.03,121,1
2.3,19,9775.64,"STEM",1997,64.6,120,0
2.12,82,10212,"Buisness",2014,67.98,121,1
2.99,17,9689.98,"STEM",2000,68.43,121,1
3.52,4,5031.34,"Other",2007,68.15,122,0
2.11,6,13207.6,"Vocational",1985,65.58,129,0
2.81,11,13288.17,"Vocational",2009,71.94,126,0
3.01,4,9701.37,"STEM",2013,66.19,120,2
2.16,4,9796.5,"STEM",1969,66.7,124,2
2.52,12,9729.89,"STEM",1971,70.17,121,0
2.65,42,6744.78,"Other",2012,69.07,120,0
1.61,6,9838.72,"STEM",1974,68.9,122,0
1.99,10,9801.03,"STEM",2002,69.18,122,3
2.43,11,11756.62,"Professional",1962,70.06,120,0
2.49,2,11762.04,"Professional",1992,66.9,121,0
2.33,5,13245.14,"Vocational",2006,63.74,122,0
2.64,29,10264.48,"Humanities",1962,66,121,1
2.75,77,9717.9,"STEM",2011,64.87,121,1
2.31,19,11770.44,"Professional",2011,66.29,122,3
2.48,31,10248,"Buisness",1982,67.16,120,3
2.28,47,11788.15,"Professional",1979,68.29,121,0
3.74,45,11628.98,"Professional",1984,66.33,123,0
2.58,19,5356.91,"Other",1975,68.32,121,2
2.86,32,13298.26,"Vocational",1998,65.32,123,1
2.53,32,13264.45,"Vocational",1979,66.95,120,0
2.41,16,5280.87,"Other",1964,70.17,120,0
1.87,1,11801.03,"Professional",1961,67.49,123,2
2.8,3,11712.32,"Professional",1978,68.42,122,2
1.22,19,10116.18,"Humanities",2013,66.66,121,1
2.47,6,11757.54,"Professional",1981,64.84,121,3
2.86,6,9703.06,"STEM",1971,71.02,124,1
3.15,20,9670.16,"STEM",1974,66.95,121,0
3.27,0,9673,"Buisness",1965,67.55,120,1
2.47,26,10236.29,"Humanities",1976,66.92,124,2
3.42,21,9679,"STEM",1987,66.71,120,0
2.12,3,9791.17,"STEM",2005,66.49,122,0
2.34,43,11771.65,"Professional",1974,66.88,124,1
2.1,1,13209.34,"Vocational",1970,69.24,122,0
2.16,23,10206.74,"Humanities",2013,66.67,121,0
2.16,3,10233,"Humanities",1973,69.94,122,2
3.18,4,13297.68,"Vocational",2006,68.51,127,1
3.63,14,9637.98,"STEM",2004,72.12,125,0
2.2,32,11779.93,"Professional",1969,69.27,121,1
3.18,62,9688.89,"STEM",1976,67.01,124,0
2.23,5,11772.48,"Professional",1979,66.53,122,0
3.84,15,9607.05,"STEM",1977,70.64,122,1
2.36,0,11755.14,"Professional",2004,72.41,120,0
2.27,14,10244.75,"Humanities",2004,66.43,122,1
2.46,13,11751.58,"Professional",1980,72.41,122,1
2.24,50,9787.37,"STEM",1969,68.09,125,3
2.84,1,9715.33,"STEM",1975,67.03,123,0
1.64,18,10164,"Buisness",1996,68.2,124,2
1.59,13,9825.49,"STEM",1963,70.13,122,2
2.88,24,11700.08,"Professional",2012,69.35,122,1
2.97,9,5061.15,"Other",1976,66.8,122,1
1.81,19,9819,"Buisness",1981,68.88,122,3
2.76,44,10276,"Buisness",1992,71.63,123,0
2.19,12,9779.31,"STEM",1986,70.62,122,1
2.77,5,9723,"Buisness",1993,69.1,121,2
2.14,14,11787.78,"Professional",2003,67.53,121,1
2.47,13,5163.13,"Other",1991,65.41,122,1
2.79,4,9747.55,"STEM",1961,66,122,1
2.21,36,9776.68,"STEM",2005,67.62,123,1
1.68,11,9817.05,"STEM",2002,71.68,120,0
3.09,39,6513.08,"Other",2012,70.09,124,0
2.85,2,5005.66,"Other",2004,69.88,124,1
3.43,16,10351.96,"Humanities",2013,67.03,125,0
2.43,32,9746.52,"STEM",1993,71.25,123,0
2.79,14,11714.69,"Professional",1998,67.94,124,1
2.37,24,10228.75,"Humanities",1963,67.67,120,0
2.6,7,11731.35,"Professional",1975,69.23,121,1
2.3,4,11780.68,"Professional",2006,64.56,122,1
2.84,23,13297.8,"Vocational",1996,66.04,120,1
2.59,1,9741,"Buisness",1991,68.69,121,0
2.96,15,13296.45,"Vocational",2004,71.05,121,1
3.06,92,9694,"Buisness",1999,68.06,121,0
2.26,45,9768.67,"STEM",1975,72.87,124,0
2.72,33,10267.71,"Humanities",2013,67.35,125,0
1.98,28,10195.94,"Humanities",1977,65.06,122,3
2.64,44,10256.29,"Humanities",1988,69.05,120,0
2.79,9,11727.11,"Professional",1970,68.64,122,0
2.8,24,9719.24,"STEM",2001,65.62,123,1
2.83,13,13276.22,"Vocational",1977,70.56,121,0
2.81,16,9724.6,"STEM",1962,67.15,121,3
2.62,56,9725.21,"STEM",1997,67.62,128,3
2.72,21,13260.27,"Vocational",1967,66.92,123,2
2.12,23,13210.03,"Vocational",1984,67.34,122,0
3.23,8,10329.94,"Humanities",1995,67.9,125,0
2.21,24,11785.45,"Professional",1982,66.77,122,0
3.01,14,9716.38,"STEM",1963,67.45,121,0
1.61,6,9829.41,"STEM",1978,67.65,121,0
2.49,4,11764.08,"Professional",2013,67.47,121,2
2.71,31,10264.37,"Humanities",1964,67.66,128,1
2.71,62,10271,"Buisness",2004,68.86,120,1
2.43,30,11753.14,"Professional",2003,64.3,126,3
2.44,40,10251.49,"Humanities",2013,71.56,127,1
2.64,28,11734.05,"Professional",2001,68.26,121,0
3,4,9713.47,"STEM",2002,67.4,120,1
2,1,9789.84,"STEM",1966,68.31,124,0
2.04,22,11783.09,"Professional",1965,65.62,121,0
2.06,4,13222.93,"Vocational",1971,69.54,121,2
2.12,1,13221.62,"Vocational",1983,67.57,126,1
2.35,17,10235,"Buisness",1976,67.28,120,1
2.58,18,5327,"Other",1999,70.49,120,1
2.34,2,13256.67,"Vocational",1991,66.74,123,1
3.5,13,5170.77,"Other",2006,66.57,124,1
3.09,2,11690.14,"Professional",1993,66.68,130,1
2.4,6,5036.62,"Other",2012,67.69,122,2
2.7,76,13271.81,"Vocational",1961,68.53,121,0
3.42,4,11655.56,"Professional",2004,66.71,126,4
2.76,7,11709.14,"Professional",1966,68.19,122,2
2.41,14,5194.67,"Other",2012,65.22,122,0
2.2,10,9767.69,"STEM",1977,69.38,122,0
2.39,13,11770.53,"Professional",1988,71.51,122,0
2.84,17,10287.68,"Humanities",1991,66.83,123,0
2.95,18,9681.98,"STEM",1994,70.77,123,0
2.56,24,13258.37,"Vocational",1967,68.42,124,1
1.57,14,5199.88,"Other",1979,67.92,122,1
2.83,4,10281.15,"Humanities",1961,66.31,120,0
2.34,47,13219.5,"Vocational",1965,67.24,120,0
2.3,1,9770,"Buisness",2015,67.12,120,1
1.92,24,10192,"Buisness",2010,70.84,120,3
2.14,48,10226.73,"Humanities",2010,67.35,121,0
1.88,59,13210.31,"Vocational",2007,64.69,121,1
2.69,7,13259.52,"Vocational",2010,66.5,125,1
2.15,8,9785,"Buisness",2001,66.05,121,0
2.68,41,11735.19,"Professional",1984,71.84,122,0
2.72,34,9730.47,"STEM",1988,67.19,121,0
1.76,19,5351.43,"Other",2002,64.19,120,0
2.46,20,10255.93,"Humanities",1972,72.16,122,1
1.99,4,13210.98,"Vocational",1974,65.87,121,0
2.92,7,9706.54,"STEM",2006,66.54,121,1
2.65,1,13252.16,"Vocational",1968,68.3,120,1
2.06,4,13215.12,"Vocational",1981,66.43,123,2
1.8,11,10176.67,"Humanities",1975,64.69,124,1
2.29,8,9771,"Buisness",1965,71.19,121,0
2.55,13,10271.03,"Humanities",1995,69.33,121,1
2.24,4,10224.44,"Humanities",1982,70.66,123,1
2.42,11,13241.64,"Vocational",2005,67.87,122,0
2.25,15,10240.34,"Humanities",1967,64.62,121,1
1.88,16,5252.33,"Other",1968,68.41,130,1
2.23,11,5117.39,"Other",2015,67.55,123,2
2.05,0,9788.53,"STEM",1962,66.31,121,0
1.32,56,13135.09,"Vocational",1971,69.42,121,1
2.52,20,10264.18,"Humanities",1976,63.27,121,2
2.78,5,10282.29,"Humanities",2004,64.47,122,1
2.43,11,10243,"Buisness",1974,65.72,121,2
2.85,1,10285,"Buisness",1984,71.03,123,0
2.55,5,9755.6,"STEM",2002,69.91,121,1
1.64,97,9847.12,"STEM",1978,70.12,122,1
2.64,53,11727.86,"Professional",1974,68.73,120,0
2.39,52,9746.15,"STEM",1966,70.4,120,2
3.14,0,13298.89,"Vocational",2006,67.66,122,1
2.17,7,5039.7,"Other",1978,68.45,120,0
2.96,5,10300.01,"Humanities",1978,68.1,124,1
2.74,9,9726,"Buisness",1963,67.07,120,0
2.59,3,13256.44,"Vocational",2006,70.08,121,0
1.83,5,13185.21,"Vocational",1986,68.24,124,3
3.58,7,10362.62,"Humanities",1992,65.65,124,1
2.21,0,10221,"Buisness",2002,65.3,121,2
2.36,7,5032.75,"Other",1994,66.08,122,0
2.07,21,9796.12,"STEM",2004,67.44,120,3
2.63,12,9725.07,"STEM",1973,68.76,121,0
2.12,1,11779.74,"Professional",1983,67.36,120,3
3.27,22,9673,"Buisness",1997,69.36,122,3
3.02,6,5052.5,"Other",1970,68.46,120,0
3.16,7,13324.22,"Vocational",1970,71.85,121,0
2.68,31,13275.09,"Vocational",1998,70.96,120,1
2.7,20,11725.28,"Professional",1987,65.36,124,0
2.22,26,11786.21,"Professional",2009,68.46,123,2
2.36,5,9768.9,"STEM",1966,67.53,123,0
2.43,24,10231,"Humanities",2009,68.79,122,1
3.1,5,9687.61,"STEM",1962,67.04,122,1
2.84,7,10282.96,"Humanities",2004,63.57,121,2
1.58,23,9830.37,"STEM",1969,67.36,125,1
3.33,17,10333,"Buisness",1980,67.52,122,0
1.87,16,9825.09,"STEM",1998,69.89,122,2
2.55,12,10247.9,"Humanities",1995,66.42,121,0
2.61,2,13238.5,"Vocational",1995,68.93,122,0
2.83,13,5155.05,"Other",2011,71.84,120,0
2.7,13,11736.7,"Professional",1982,70.84,121,0
3.38,4,13341.34,"Vocational",1991,68.87,121,1
1.5,62,10151.8,"Humanities",1968,67.73,121,2
3,15,11715.76,"Professional",1971,65.41,123,2
2.36,7,13226.38,"Vocational",1970,69.69,121,0
3.5,7,13361.71,"Vocational",1995,70.98,121,0
1.94,62,8855.28,"Other",1972,66.13,123,0
3.41,9,10337.02,"Humanities",1994,68.08,121,0
2.35,3,13240.66,"Vocational",1998,68.61,121,2
2.48,31,13238.08,"Vocational",2013,69.1,121,1
2.69,11,10259.63,"Humanities",1973,65.77,121,1
2.64,30,10264,"Buisness",1982,68.59,126,2
2.81,56,10264.28,"Humanities",1979,66.41,123,1
2.84,61,9701.59,"STEM",1987,65.14,127,2
3.29,11,10329,"Buisness",1972,65.17,123,1
2.32,24,5573.33,"Other",1986,67.46,120,2
2.5,6,9742.69,"STEM",1988,71.62,121,1
3.14,4,11674.49,"Professional",2014,68.8,121,1
3.31,10,9668.27,"STEM",2003,67.04,122,1
2.35,54,9786.54,"STEM",1965,70.5,125,1
2.95,3,11728.13,"Professional",1997,71.22,121,1
2.91,38,9715.14,"STEM",1965,68.35,121,1
2.95,59,13297.35,"Vocational",1966,65.9,123,1
2.18,22,10218,"Buisness",1998,67.47,121,4
2.89,20,10284.67,"Humanities",1969,64.86,121,0
2.2,33,9780,"Buisness",1967,69.21,120,0
3.08,65,11694.06,"Professional",1975,67.46,120,0
3.61,15,11641.69,"Professional",1972,66.29,120,0
1.62,5,13165.49,"Vocational",2000,67.99,121,0
1.75,6,10182.16,"Humanities",1961,68.07,122,1
2.28,65,11754.7,"Professional",1978,65.87,125,0
2.8,78,13283.04,"Vocational",2011,68.18,122,1
2.41,12,9772.21,"STEM",1972,69.8,122,1
1.77,45,9823,"Buisness",1965,64.44,125,0
3.23,40,13324.15,"Vocational",1992,66.2,123,0
2.06,9,13211.61,"Vocational",1974,68.37,121,1
2.61,5,13251.33,"Vocational",1990,70.75,120,2
2.43,6,5042.1,"Other",1976,68.77,121,0
2.94,19,5366.23,"Other",1977,67.68,121,4
2.26,3,11762.66,"Professional",1993,70.89,122,1
1.99,17,9801,"Buisness",1985,68.55,123,2
2.32,10,9773.76,"STEM",1984,70.34,123,0
2.55,49,9749.59,"STEM",1962,67.1,120,1
2.7,26,9742.97,"STEM",1993,64.82,121,0
2.62,21,11717.31,"Professional",1986,71.86,127,1
2.4,0,9772.17,"STEM",2001,68.23,123,0
2.4,3,11772.49,"Professional",1971,69.18,122,1
3.47,14,9662.68,"STEM",1969,67.56,123,1
2.41,2,9743.85,"STEM",2004,68.43,121,0
3.01,34,9699.12,"STEM",1993,66.85,120,0
2.85,9,10287.26,"Humanities",1961,66.68,122,1
3.06,0,9682.08,"STEM",2008,66.31,124,0
2.81,32,9739.85,"STEM",2002,68.03,121,0
2.79,51,13282.36,"Vocational",1986,70.15,122,0
2.78,26,11723.4,"Professional",1992,65.53,120,0
2.17,5,10217,"Buisness",2012,70.04,126,1
1.79,11,13173.05,"Vocational",1997,66.73,121,1
2.33,36,11770.05,"Professional",1965,67.25,121,1
3.16,58,10316.16,"Humanities",1968,67.41,121,1
2.58,4,9742.37,"STEM",1996,70.97,123,0
3.16,4,13327.76,"Vocational",1999,71.01,121,1
2.26,34,10226,"Buisness",1976,68.76,121,0
2.89,5,10289,"Buisness",1964,68.63,121,1
2.74,5,9726,"Buisness",2005,69.44,120,0
2.79,20,13275,"Vocational",1971,68.04,124,0
1.9,24,11803.97,"Professional",1987,67.03,120,1
3,22,11715.36,"Professional",2006,70.84,121,2
2.4,9,11743.69,"Professional",2014,69.24,127,4
3.28,7,5053.4,"Other",1988,69.85,120,0
2.46,8,10225.93,"Humanities",1987,68.6,120,0
1.8,67,13188.24,"Vocational",2011,67,121,0
2.09,21,11788.1,"Professional",2002,70.3,123,1
2.41,18,13239.43,"Vocational",2013,67.84,124,3
2.27,8,10230.77,"Humanities",1986,68.52,120,1
2.22,19,11770.93,"Professional",1973,69.47,125,1
1.84,31,9833.06,"STEM",2009,66.62,121,0
3.24,3,10314.08,"Humanities",1984,68.24,122,1
2.17,0,9787.7,"STEM",1971,67.81,124,0
2.02,93,13217.82,"Vocational",1978,68.83,120,1
2.1,40,10210,"Buisness",1966,70.27,120,1
2.52,36,6289.36,"Other",2008,68.77,123,1
2.46,7,11765.45,"Professional",1973,70.52,121,4
2.56,4,13259.32,"Vocational",1977,67.95,120,0
2.23,11,9784.91,"STEM",1981,65.61,124,2
2.52,14,11747.6,"Professional",1963,65.82,123,1
2.71,5,13264.96,"Vocational",1991,66.06,121,0
2.23,106,9776.2,"STEM",2010,66.92,122,0
2.42,19,13258.3,"Vocational",1980,68.25,126,2
2.18,32,9769.29,"STEM",1991,69.61,124,0
2.31,7,9776.67,"STEM",1983,68.12,120,1
1.93,28,11804.08,"Professional",1969,68.55,121,1
2.17,2,13214.07,"Vocational",1982,68.63,121,1
2.5,32,6029.25,"Other",2000,66.87,124,1
2.74,7,5045.45,"Other",2000,68.43,126,1
1.94,1,9794.65,"STEM",1994,66.3,123,0
2.81,21,5435.84,"Other",1973,70.21,125,3
2.7,13,13282.58,"Vocational",1970,67.34,121,1
2.33,45,9783.74,"STEM",2001,70.99,122,1
2.67,9,9723.28,"STEM",1981,66.03,126,0
2.76,31,5931.89,"Other",1973,65.25,129,1
2.52,0,9754.55,"STEM",1998,68.18,121,2
1.76,16,13179.87,"Vocational",2009,66.1,121,1
2.96,14,11709.72,"Professional",2003,72.06,123,1
2.92,27,13299,"Vocational",1990,63.03,121,0
2.7,19,13258.71,"Vocational",1969,66.83,125,0
2.32,12,13241.64,"Vocational",1988,65.47,120,1
2.54,20,10249.54,"Humanities",1991,70.42,124,1
3.04,4,10314.09,"Humanities",1990,63.82,121,2
2.8,6,13277.68,"Vocational",2007,74.13,120,2
2.29,43,13233.82,"Vocational",2015,67.2,122,1
1.72,22,13169.67,"Vocational",2000,66.56,120,2
2.27,9,11773.15,"Professional",2006,69.63,120,0
2.71,1,13287.2,"Vocational",1962,69.51,121,2
3.13,2,9707.04,"STEM",1987,68.8,120,1
2.76,12,9709,"STEM",1982,68.45,122,0
2.87,21,9721.9,"STEM",1999,67.96,123,4
3.42,10,11649.31,"Professional",1990,69.76,121,0
2.48,3,10259.17,"Humanities",1977,66.15,120,0
2.11,76,9786.29,"STEM",1992,69.71,121,1
2.79,56,10279.01,"Humanities",1989,70.47,120,0
1.56,31,9845.08,"STEM",2013,66.76,121,0
3.04,56,9693.84,"STEM",2013,66.96,121,0
1.93,39,13180.78,"Vocational",1996,69.85,120,0
2.84,4,9727.27,"STEM",2015,65.93,121,1
3.08,37,13299.64,"Vocational",2012,63.07,122,2
2.87,10,11707.8,"Professional",1977,71.19,122,1
3.26,44,13320.72,"Vocational",1966,67.8,122,3
1.73,2,9827,"Buisness",2005,66.78,120,1
2.3,1,11774.92,"Professional",1966,68.52,122,0
2.24,3,11757.59,"Professional",2006,70.16,120,2
2.4,16,11760.43,"Professional",1966,68.25,123,1
3.66,135,13367.05,"Vocational",1986,69.85,122,2
2.5,18,10252.7,"Humanities",1961,66.94,124,0
3.24,7,10317.54,"Humanities",1971,63.79,121,1
3.19,22,11683.91,"Professional",2009,68.35,123,0
1.79,9,10179,"Buisness",1966,62.44,124,1
2.68,18,11730.69,"Professional",1980,67.28,122,3
2.11,0,9777.47,"STEM",2005,67.09,130,0
2.76,3,5020.39,"Other",2000,71.34,122,2
3.21,30,13308.56,"Vocational",2004,69.13,120,1
2.2,1,11787.92,"Professional",1985,68.93,121,0
2.61,5,5023.6,"Other",2015,68.38,123,0
1.6,1,13157.38,"Vocational",1987,68.24,122,4
2.77,12,11734.54,"Professional",1976,65.73,120,2
2.46,2,9737.48,"STEM",1981,68.08,121,2
2.66,20,5407.7,"Other",1965,71.39,121,2
2.96,57,11700.62,"Professional",1985,65.62,125,5
3.11,12,10294.71,"Humanities",1999,72.75,121,0
2.3,65,9775.17,"STEM",2000,68.51,121,5
2.33,4,10256.8,"Humanities",1987,64.13,121,0
2.79,43,10284.98,"Humanities",1985,68.29,120,1
2.33,61,9746.44,"STEM",1963,71.48,121,1
2.41,3,10225.32,"Humanities",1992,71.66,122,0
2.52,5,11751.86,"Professional",1978,67.55,120,1
2.65,32,9750.45,"STEM",1975,63.53,121,1
3.46,24,9666.48,"STEM",2013,70.21,122,0
2.28,22,9772,"Buisness",1983,66.68,120,2
2.65,23,13263.22,"Vocational",1986,65.15,124,1
2.2,21,9766.5,"STEM",2014,66.24,122,0
2.58,73,11745.63,"Professional",1992,65.59,123,0
3.01,8,10300.45,"Humanities",1972,66.69,121,1
1.04,14,9896,"Buisness",1987,68.42,127,0
2.06,42,9802.74,"STEM",1995,63.64,122,3
3.08,8,11699.35,"Professional",1983,63.96,124,0
1.98,28,5786.09,"Other",1974,70.14,122,1
2.24,3,9780.95,"STEM",2008,70.86,120,0
2.72,4,13248.09,"Vocational",2010,69.46,121,0
2.79,3,10279,"Buisness",1978,69.5,121,3
1.62,14,9837.32,"STEM",1973,66.56,122,1
2.79,29,9721,"Buisness",1973,66.31,120,0
2.8,65,10280.52,"Humanities",1975,67.91,122,0
2.41,10,10229.29,"Humanities",1977,70.42,120,0
2.49,30,9754.21,"STEM",2000,65.62,120,1
3.13,1,9666.12,"STEM",1976,66.98,122,0
2.37,57,10236.46,"Humanities",2014,68.11,123,1
2.11,5,10208.87,"Humanities",2002,65.91,125,4
1.88,1,10198.72,"Humanities",2011,71.39,120,1
2.21,36,6295.02,"Other",1983,66.34,120,1
3.07,24,13288.02,"Vocational",1993,69.4,123,2
2.92,38,11724.27,"Professional",2010,68.9,121,2
2.23,4,13208.05,"Vocational",2003,68.21,120,5
1.3,10,11864.73,"Professional",1974,69.09,122,1
2.47,11,11734.85,"Professional",2013,67.64,128,3
3.44,13,13340.19,"Vocational",1991,66,124,0
1.87,87,12582.35,"Other",1971,71.08,122,2
1.93,12,10202.2,"Humanities",1965,69.07,123,0
2.65,4,10272.46,"Humanities",1975,68.62,125,2
2.07,8,11800.26,"Professional",2010,67.09,120,0
3.07,4,9693,"Buisness",1977,68.97,120,0
2.47,5,11738.41,"Professional",2002,67.17,124,0
2.84,3,11715.57,"Professional",1961,66.39,122,0
1.99,4,5024.93,"Other",1978,66.12,122,2
2.48,7,5047.77,"Other",1976,66.54,121,0
2.18,1,11778.74,"Professional",1989,68.57,123,0
1.93,43,13194.75,"Vocational",1986,70.3,120,1
2.56,23,9744,"Buisness",1965,70,122,0
2.83,8,13263.16,"Vocational",1996,70.24,123,1
2.37,5,10245.15,"Humanities",1964,64.37,124,0
2.67,9,11734.75,"Professional",2002,70.45,122,2
1.89,16,11823.45,"Professional",2005,66.14,125,4
2.3,57,11754.11,"Professional",1972,69.06,120,3
3.02,1,10297.44,"Humanities",2003,64.32,123,1
2.61,14,11727.78,"Professional",1965,68.06,123,1
2.93,13,13300.99,"Vocational",1972,68.77,121,4
3.16,9,5070.98,"Other",2002,66.65,121,0
2.93,3,11715.17,"Professional",2010,67.84,122,0
1.97,29,13196.42,"Vocational",1983,67.43,123,1
2.73,4,10273,"Buisness",1992,67.88,121,0
3.01,6,11712.98,"Professional",2000,69.96,120,3
2.22,25,13231.38,"Vocational",1969,67.32,125,1
2.39,0,11753.26,"Professional",1980,66.5,120,1
3.11,3,13311.7,"Vocational",1996,71.55,120,1
2.53,45,9747,"Buisness",1995,66.43,121,1
2.41,23,5541.48,"Other",1981,68.07,121,2
2.65,7,9722.69,"STEM",2004,66.57,120,2
2.76,6,10289.02,"Humanities",1984,69.85,124,0
2.13,6,13232.33,"Vocational",1992,71.06,120,3
2.71,8,11739.89,"Professional",2011,67.84,122,1
2.84,7,11718.24,"Professional",1969,66.96,122,2
2.04,29,9794.67,"STEM",1969,66.31,121,0
2.63,8,10277.28,"Humanities",1991,69.91,122,1
2.3,1,11765.55,"Professional",2011,67.54,120,0
3.49,5,11641.89,"Professional",1968,67.15,121,1
2.57,10,10271.86,"Humanities",1983,67.83,124,0
2.44,16,9757.92,"STEM",1988,68.78,124,1
1.75,36,9825.78,"STEM",1971,67.28,121,1
1.7,4,9813.67,"STEM",2006,68.53,120,0
3.21,55,9667.13,"STEM",1981,67.11,123,0
2.89,29,11712.34,"Professional",1964,70.46,121,0
2.32,35,10239.9,"Humanities",1968,68.49,120,0
1.89,5,5027.83,"Other",2006,66.02,120,0
2.4,62,9760,"Buisness",2011,70.7,121,3
2.48,13,9749.42,"STEM",1976,66.86,122,0
2.18,21,9791.53,"STEM",1964,66.12,121,0
2.18,37,9785.29,"STEM",1978,66.35,120,1
3.44,5,11648.07,"Professional",1994,69.93,123,1
2.69,13,9731,"Buisness",1961,67.43,123,3
2.3,3,10222.2,"Humanities",1966,68.29,122,1
2.56,6,11747.98,"Professional",2013,72.98,124,0
2.42,3,4997.38,"Other",1963,68.36,121,1
2.17,21,11772.3,"Professional",1966,66.84,120,3
2.87,3,10271.69,"Humanities",2006,70.57,122,1
1.72,15,5242.98,"Other",1990,68.12,122,4
2.65,4,9717.56,"STEM",1969,66.37,124,1
2.15,8,11776.47,"Professional",1976,65.56,122,0
2.89,13,10300.61,"Humanities",1964,70.68,121,0
2.75,5,5038.62,"Other",1977,67.57,121,0
3.36,30,9669.82,"STEM",1968,67.5,125,1
2.68,31,9733.03,"STEM",2000,69.33,123,2
2.92,9,13280.61,"Vocational",1983,68.29,123,1
1.8,12,9825.77,"STEM",1980,72.33,129,0
2.88,0,11714.47,"Professional",1996,63.58,121,1
2.29,51,13220.01,"Vocational",2001,67.65,121,0
2.6,2,11727.36,"Professional",1990,68.11,120,1
2.11,10,11787.94,"Professional",1981,67.18,122,1
2.66,2,5010.71,"Other",1998,67.95,122,1
2.14,24,10222.82,"Humanities",2010,68.18,120,3
2.34,16,10234,"Buisness",1970,66.79,120,2
1.65,10,13161.52,"Vocational",1979,65.68,121,2
3.26,2,9674.82,"STEM",1996,67.4,120,0
2.56,2,9739.48,"STEM",1978,68.6,120,0
2.3,10,5098.64,"Other",2013,69.32,120,0
3.1,25,13311.35,"Vocational",2004,68.38,122,1
2.04,7,10206.55,"Humanities",1971,63.78,123,1
2.85,40,10285,"Buisness",2010,70.85,124,1
2.64,4,5034.39,"Other",1969,67.9,121,1
1.7,4,13173.51,"Vocational",1999,67.04,123,2
2.02,6,13193.37,"Vocational",2015,70.38,124,1
2.18,1,11791.3,"Professional",1962,67.6,124,1
2.37,2,9763,"Buisness",1967,66.39,122,0
3.07,13,10307,"Buisness",1988,70.3,120,2
2.11,4,5012.6,"Other",1983,66.9,122,1
2.51,34,6169.28,"Other",1962,70.25,120,3
3.01,29,13310.73,"Vocational",1996,69.1,128,1
3.14,0,9673.39,"STEM",1998,66.41,123,1
1.67,8,13156.53,"Vocational",1985,69.42,120,1
2.58,11,11723.89,"Professional",1962,70.15,123,1
2.1,27,5731.3,"Other",1976,68.21,121,1
3.16,7,11688.72,"Professional",1981,70.82,120,0
1.85,40,9819.64,"STEM",2007,67.86,124,3
2.64,10,10274.51,"Humanities",1997,64.7,122,1
2.72,13,9721.87,"STEM",1981,66.46,122,2
2.8,14,11730.22,"Professional",1997,67.23,121,2
2.26,20,11771.41,"Professional",1973,64.51,121,1
2.6,4,5019.09,"Other",1980,70.37,124,1
2.25,6,9775,"Buisness",2015,68.26,120,0
2.46,43,9754,"Buisness",1973,68.57,122,1
2.91,14,9709,"Buisness",1989,67.7,120,0
1.91,88,9814.06,"STEM",1977,68.24,122,1
2.74,3,13270.64,"Vocational",2014,68.8,124,1
2.61,28,11754.71,"Professional",1993,67.3,123,0
2.45,8,13249.36,"Vocational",1980,69.48,121,2
1.68,23,13172.34,"Vocational",1968,68.6,124,0
2.92,22,11706.41,"Professional",2008,67.7,120,0
2.9,8,10291.46,"Humanities",2003,63.99,125,0
2.07,16,10198.34,"Humanities",1977,67.04,124,0
2.82,19,10282,"Buisness",1970,67.11,122,2
2.52,4,10253.12,"Humanities",1998,68.75,120,1
1.98,37,10176.11,"Humanities",1989,68.14,122,0
1.66,0,10149.5,"Humanities",1983,65.51,127,1
1.8,6,9814.8,"STEM",1970,69.33,123,0
2.67,43,9707.73,"STEM",2001,69.37,128,2
2.6,17,10252.88,"Humanities",1963,70.2,130,0
2.54,9,5072.51,"Other",1997,66.92,123,0
2.14,35,11782.13,"Professional",1990,64.9,121,0
3.05,20,13312.03,"Vocational",2001,66.43,126,0
2.15,43,10223,"Humanities",1973,65.57,121,1
2.73,34,10267.16,"Humanities",2005,64.7,120,1
1.33,2,11860.15,"Professional",1993,72.99,120,1
2.46,26,5664.36,"Other",2011,69.83,125,2
2.31,10,13238.69,"Vocational",1975,68.44,120,0
2.49,43,10248.5,"Humanities",2011,67.3,120,1
2.29,3,10223.03,"Humanities",2011,68.01,124,0
2.03,93,11797.82,"Professional",2012,68.29,121,0
2.58,18,10263.11,"Humanities",1983,68.39,122,0
2.7,28,9748.79,"STEM",2004,69.21,127,0
1.24,14,10124,"Buisness",1968,69.71,121,4
1.79,10,10179,"Buisness",1982,67.03,123,2
1.98,4,13185.33,"Vocational",1994,67.22,122,1
2.3,14,9777.09,"STEM",2015,71.14,126,1
2.8,34,9695.08,"STEM",1994,67.86,121,4
2.14,7,11791.42,"Professional",1997,68.23,121,4
2.07,8,10203.32,"Humanities",1993,67.69,123,0
2.43,3,11751.86,"Professional",1966,67.52,120,3
2.45,10,10252.21,"Humanities",1989,68.19,121,1
1.66,25,9837.24,"STEM",1977,68.36,120,1
3.13,69,13311.25,"Vocational",1979,70.99,120,3
2.88,1,11714.95,"Professional",1975,66.71,121,3
3.1,16,9699.22,"STEM",1963,68.53,124,0
3.05,30,5903.1,"Other",1982,67.23,121,0
2.52,20,10252,"Buisness",1970,68.05,122,2
2.26,59,9773.87,"STEM",2001,66.01,121,0
1.97,19,11809.76,"Professional",1984,66.9,121,0
2.43,38,13252.38,"Vocational",2001,64.12,120,1
2.99,2,9701,"Buisness",1973,63.51,121,2
2.43,1,13236.05,"Vocational",2004,69.71,120,1
2.52,13,10259.53,"Humanities",2000,69,126,0
1.9,24,11822.18,"Professional",1979,66.55,121,2
2.39,1,10239,"Buisness",2006,67.78,121,1
2,11,9794.75,"STEM",1969,67.61,121,0
1.88,1,9803.01,"STEM",1983,71.53,123,1
3.07,0,10303.91,"Humanities",1997,66.65,123,3
2.72,106,10269.88,"Humanities",1996,68.88,127,0
2.53,21,13244.22,"Vocational",1965,67.6,121,3
2,0,13190.38,"Vocational",1976,64.21,120,1
2.65,7,13271.09,"Vocational",1964,71.51,120,0
2.74,19,13286.8,"Vocational",2013,68.02,122,1
2.3,31,10226.03,"Humanities",2004,68.09,123,0
2.52,8,10252,"Buisness",1972,69.16,126,1
3.18,52,7720.39,"Other",1965,66.33,127,1
1.86,8,13184.11,"Vocational",1987,67.28,120,1
2.35,2,11771.03,"Professional",1966,69.58,122,0
2.72,29,10283.54,"Humanities",1984,65.97,123,0
2.34,4,9766,"Buisness",1977,68.96,121,1
2.45,18,13245.55,"Vocational",1963,67.74,120,0
1.53,14,5192.6,"Other",2012,70.45,124,0
2.02,35,13202.89,"Vocational",2015,67.04,120,1
2.49,14,13256.63,"Vocational",2005,67.83,126,1
2.49,10,9751,"Buisness",1989,66.27,121,4
2.4,4,11754.98,"Professional",1966,65.51,130,0
1.9,0,11817.71,"Professional",1962,71.48,123,2
2.41,17,13237.68,"Vocational",2007,68.04,121,0
2.62,0,10262,"Buisness",2002,67.49,120,0
2.1,5,11795.18,"Professional",1999,68.71,120,1
1.47,111,11871.79,"Professional",1967,65.45,122,0
2.49,5,11764.82,"Professional",1989,68.01,121,2
3.07,26,13319.81,"Vocational",1987,69.63,121,3
2.84,1,11718.11,"Professional",2011,69.38,123,0
2.88,48,7289.97,"Other",1964,67.79,122,0
3.24,6,11666.24,"Professional",1973,68.9,120,0
2.15,19,13220.36,"Vocational",2002,68.19,122,0
2.37,11,11768.36,"Professional",1993,69.4,120,0
2.26,45,13233.7,"Vocational",2006,68.78,130,0
1.81,1,13181.97,"Vocational",1984,68.36,122,2
1.98,22,10197.87,"Humanities",1991,69.02,122,0
3.06,12,11679.77,"Professional",1984,65.97,122,0
3.61,18,13366.26,"Vocational",1997,69.09,121,0
2.96,20,5403.42,"Other",1978,67.8,123,3
3.5,25,5623.49,"Other",1990,65.82,124,1
2.42,30,5913.55,"Other",1992,67.45,122,1
2.05,3,10199.46,"Humanities",1976,67.29,124,1
2.1,26,13222.23,"Vocational",1996,69.84,123,2
1.83,35,11815.24,"Professional",1971,67.63,121,2
2.35,16,10235,"Buisness",1996,66.81,120,0
2.14,12,10214,"Buisness",1988,71.66,122,3
2.98,65,9702,"Buisness",1991,66.38,121,3
2.76,114,13293.18,"Vocational",1973,66.77,121,1
2.69,6,11731.83,"Professional",1978,67.93,121,1
2.63,1,11745.66,"Professional",1990,71.06,120,0
3.19,25,5629.91,"Other",1967,69.01,126,2
2.41,6,11755.87,"Professional",1997,67.29,121,0
1.92,15,10194.12,"Humanities",1986,66.22,120,2
2.64,42,10264.32,"Humanities",1964,67.8,121,1
2.73,22,5501.73,"Other",2003,66.58,121,2
2.31,36,11771.58,"Professional",1991,66.22,121,0
2.54,38,11746.53,"Professional",1971,67.34,122,1
3.23,10,10324.64,"Humanities",2015,71,121,2
2.72,19,13271.23,"Vocational",1997,68.79,121,1
2.32,29,5848.76,"Other",1977,66.99,121,2
2.87,11,13292.47,"Vocational",2012,69.62,125,1
3.2,44,11689.68,"Professional",2012,69.67,121,0
3.38,27,13329.6,"Vocational",1995,68.24,123,3
2.97,20,13303.88,"Vocational",1987,71.38,123,0
2.31,64,10216.97,"Humanities",2006,68.17,123,1
1.91,4,5017.63,"Other",2014,68.22,123,0
2.22,13,13247.62,"Vocational",2006,66.78,120,1
2.44,46,10244,"Buisness",1976,71.83,123,2
2.52,22,9748,"Buisness",1961,72.26,121,0
2.05,29,5843.37,"Other",2002,68.39,120,0
2.06,30,9793.07,"STEM",1982,66.35,121,0
2.69,32,10269,"Buisness",2010,68.13,120,0
2.6,16,13240.15,"Vocational",2011,65.62,121,0
1.97,42,13197.35,"Vocational",2010,68.77,121,1
1.67,1,5020.33,"Other",1998,71.44,122,1
1.96,31,10194.59,"Humanities",1989,67.32,120,0
2.14,43,13205.31,"Vocational",1964,65.38,123,5
1.97,19,10210.74,"Humanities",1970,66.57,123,2
2.72,21,10272,"Buisness",1960,68.72,123,1
1.82,8,11812.08,"Professional",1962,68.48,122,1
2.71,35,13277.24,"Vocational",1970,70.15,121,1
3.26,4,9684.22,"STEM",2014,63.53,123,1
2.13,20,11779.33,"Professional",2013,69.96,121,0
1.96,25,9798.36,"STEM",1988,67.45,125,6
1.91,38,6441.51,"Other",1968,66.2,121,0
2.18,3,11778.58,"Professional",2000,68.96,123,2
3.01,26,9709.73,"STEM",2011,66.96,121,3
2.46,95,9750.14,"STEM",2013,68,121,0
3.32,42,10332,"Buisness",1998,66.08,121,1
2.46,6,9752.11,"STEM",1984,69.19,122,1
3.2,5,10317.48,"Humanities",1992,66.58,120,1
2.67,22,11733.62,"Professional",1964,72.21,121,1
1.59,10,10163.26,"Humanities",1977,69.25,125,2
1.74,3,11824.31,"Professional",1989,67.55,121,1
1.92,17,10199.44,"Humanities",2004,70.12,121,0
3.11,43,6867.64,"Other",1993,64.96,121,0
2.71,19,13273.53,"Vocational",1985,67.08,120,0
2.14,1,9802.37,"STEM",1996,67.71,120,1
2.45,20,13255.31,"Vocational",2009,69.32,120,2
2.36,18,13238.97,"Vocational",1982,68.21,122,1
2.41,13,10233.22,"Humanities",1961,68.21,122,2
2.57,2,10257,"Buisness",2000,68.79,121,2
2.39,29,9768.39,"STEM",1994,69.9,125,0
2.49,26,9747.63,"STEM",1973,70.59,123,0
3.09,14,10297.95,"Humanities",1972,68.65,121,1
3.32,1,9664.61,"STEM",1976,67.62,123,2
2.97,1,13283.68,"Vocational",1999,66.79,120,0
3.06,3,11686.69,"Professional",1966,68.14,120,1
3.56,50,9652.16,"STEM",1980,66.6,122,0
3.02,25,10302,"Buisness",1984,67.42,126,0
2.35,2,13234.32,"Vocational",1976,65.16,121,0
2.98,97,14416.45,"Other",1982,70.67,122,2
2.13,12,11789.98,"Professional",1966,65.8,124,0
2.89,19,10311.8,"Humanities",2011,68.5,122,1
2.88,3,11711.02,"Professional",1980,68.04,120,1
2.97,26,11691.53,"Professional",1970,66.78,122,0
3.55,30,5901.03,"Other",1986,70.46,123,0
2.58,53,7799.52,"Other",1987,68.09,121,0
1.96,31,10218.07,"Humanities",1961,70.25,120,0
2.4,6,11761,"Professional",1973,66.42,120,2
2.4,10,9771.65,"STEM",2014,68.22,120,1
2.1,9,9789.49,"STEM",1961,66.42,124,0
2.05,9,10205,"Buisness",1998,68.56,120,0
1.77,13,9841.28,"STEM",2011,70.32,121,0
2.96,7,10303.79,"Humanities",2008,67.58,125,0
2.79,39,10274.86,"Humanities",2005,65.45,121,0
2.63,46,9749.7,"STEM",1969,70.64,122,2
2.65,23,9735,"Buisness",1983,66.22,121,1
2.64,6,9749.27,"STEM",2008,65.44,120,1
1.8,2,10178.08,"Humanities",2001,68.13,120,1
2.85,1,10295.48,"Humanities",1981,71.47,124,0
2.69,2,13264.57,"Vocational",1988,69.61,123,0
2.19,25,5619.25,"Other",1981,73.18,123,3
1.84,8,9823.58,"STEM",2014,68.14,120,1
2.56,3,11745.06,"Professional",2003,65.66,120,0
1.72,46,9837.19,"STEM",1998,68.81,122,0
2.87,36,13291.42,"Vocational",1965,70.22,120,0
3.14,32,10322.5,"Humanities",1998,65.5,121,1
3.08,4,5017.22,"Other",1982,66.23,121,1
3.02,21,10311.84,"Humanities",1985,68.55,121,2
2.39,49,10212.06,"Humanities",1994,70.81,120,0
2.52,5,5029.57,"Other",1982,65.97,121,1
2.66,13,5181.02,"Other",2005,70.36,121,0
2.51,30,11744.27,"Professional",1965,64.14,122,4
2.29,29,5842.61,"Other",1975,69.44,121,0
2.73,4,9724.67,"STEM",1989,68.03,121,0
3.31,44,10319.35,"Humanities",1986,69.25,122,0
2.52,2,11756.52,"Professional",1988,66.98,121,5
2.43,3,13248.3,"Vocational",1987,68.13,123,0
2.28,1,10231.21,"Humanities",2012,65.66,123,1
2.92,20,9698.68,"STEM",1989,68.23,120,0
1.79,12,10185.09,"Humanities",1976,70.74,121,0
3.01,54,13317.3,"Vocational",1984,69.18,121,1
3.26,17,13300.02,"Vocational",2006,67.1,120,1
2.71,27,9727.5,"STEM",1973,65.44,124,0
2.71,8,10280.54,"Humanities",2001,69.29,121,0
2,37,13192.91,"Vocational",1965,65.9,127,0
1.89,17,5280.61,"Other",1986,69.06,121,0
2.84,19,11720.36,"Professional",1988,67.89,121,1
2.32,7,10232,"Buisness",1960,64.45,121,1
2.09,11,11787.02,"Professional",2000,66.72,123,1
2.26,4,11777.77,"Professional",1997,67.75,120,0
2.47,19,13243.36,"Vocational",1965,67.93,124,0
3.15,9,10315,"Buisness",2002,70.66,123,0
3.06,4,5011.74,"Other",1995,68.23,120,1
2.73,10,9721.89,"STEM",1961,69.28,120,3
1.95,3,10183.93,"Humanities",1998,67.65,122,0
2.64,35,13272.02,"Vocational",1995,68.09,123,0
1.99,32,11788.49,"Professional",2001,68.21,121,2
2.25,24,11754.6,"Professional",1965,67.56,123,1
2.64,12,10250.09,"Humanities",2003,66.56,121,2
3.03,23,13300.91,"Vocational",1980,70.27,124,1
2.28,19,11784.43,"Professional",1997,66.14,123,1
1.99,10,9808.47,"STEM",1967,66.32,125,6
1.86,33,11820.22,"Professional",1998,68.57,123,0
2.84,12,10293.86,"Humanities",1991,68.9,123,2
2.61,26,10251.74,"Humanities",2005,68.86,120,1
2.8,25,5636.49,"Other",1976,71.08,122,0
2.42,3,5002.8,"Other",1971,69.71,123,0
2.62,103,10262,"Buisness",2008,69.94,123,0
2.09,5,11788.28,"Professional",2002,65.14,120,0
1.82,19,10193.16,"Humanities",1968,70.51,121,0
2.22,25,5637.12,"Other",1968,66.52,120,0
2.06,9,5082.04,"Other",1980,69.29,122,0
2.61,47,11725.17,"Professional",1989,65.8,122,1
1.57,33,13150.1,"Vocational",2001,69.29,121,0
3.06,9,5063.19,"Other",2007,65.27,122,0
2.56,63,11752.45,"Professional",2007,66.58,121,0
1.89,23,9817.32,"STEM",1973,68.51,122,0
2.31,29,9746.25,"STEM",1988,65.88,121,1
3.3,0,9672.63,"STEM",1966,71.94,121,1
2.84,18,10287.36,"Humanities",1970,66.69,123,0
2.21,9,10225.1,"Humanities",1985,68.73,120,1
2.13,2,11796.72,"Professional",1999,67.15,122,1
2.43,10,9757.35,"STEM",2008,65.67,121,0
1.76,7,13172.06,"Vocational",1970,67.58,127,1
2.68,103,11723.44,"Professional",1995,69.69,122,1
2.38,30,5904.19,"Other",1980,66.76,121,3
3.41,66,9671.03,"STEM",1975,65.84,120,1
2.75,5,13274.24,"Vocational",1967,68.39,120,1
2.57,17,5287.42,"Other",1975,71.59,120,1
2.59,5,13265.15,"Vocational",1995,68.38,120,1
2.65,22,9733.27,"STEM",2008,64.3,121,1
2.67,80,11714.38,"Professional",1967,69.26,121,2
2.08,7,10201.57,"Humanities",2003,68.44,121,0
2.73,0,9732.83,"STEM",2009,68.68,124,1
2.98,10,5104.53,"Other",1978,67.94,124,2
2.76,2,11726.04,"Professional",1968,67.28,121,0
2.1,5,9770.97,"STEM",1973,69.13,123,1
2.54,8,10254,"Buisness",1978,69.09,125,4
2.44,2,13249.28,"Vocational",1971,63.63,120,0
2.43,16,10244,"Humanities",2014,69.28,120,1
2.96,33,6098.78,"Other",2002,67.92,120,1
2.1,36,9789.75,"STEM",2011,69.78,124,0
1.94,26,10179.85,"Humanities",1995,68.58,120,0
2.64,26,13263.8,"Vocational",1982,69.67,124,1
3.35,6,10335,"Buisness",1972,66.49,121,2
2.57,11,9747.37,"STEM",1983,68.88,125,1
3.07,49,10307,"Buisness",1978,65.92,121,1
2.47,4,9754.77,"STEM",2004,70.91,124,0
1.37,16,9857.35,"STEM",2005,66.31,125,0
2.48,12,13251.46,"Vocational",2011,69.9,128,0
3.07,90,10307.89,"Humanities",1976,69.81,121,0
2.58,89,10258,"Buisness",1998,74.21,120,1
3.03,16,11711.03,"Professional",1979,67.72,122,1
2.12,32,10204.7,"Humanities",1968,65.38,123,0
3.89,22,5489.07,"Other",2014,67.67,125,1
2.49,20,10237.99,"Humanities",1966,65.81,121,0
2.13,62,13209.8,"Vocational",1996,69.44,123,2
1.85,8,5058.78,"Other",1965,69.9,122,1
2.51,7,11747.06,"Professional",2015,66.82,124,1
3.56,35,13364.82,"Vocational",1992,67.4,120,0
2.48,17,9752,"Buisness",1999,68.84,123,1
2.94,4,13279.76,"Vocational",1963,70.13,122,0
2.44,8,11754.1,"Professional",2012,66.7,124,0
2.93,1,9703.32,"STEM",1978,70.78,120,1
2.69,23,11737.43,"Professional",1999,71.95,124,1
3.01,4,11715.93,"Professional",2015,71.1,126,1
1.7,86,11827.94,"Professional",2004,67.05,121,2
3.19,12,11678.31,"Professional",1980,67.16,121,2
3.26,42,10312.76,"Humanities",1971,68.1,122,1
2.46,56,13234.98,"Vocational",2000,68.21,120,4
2.63,56,11733.38,"Professional",1970,65.87,121,1
2.4,6,13244.67,"Vocational",2001,64.49,122,0
2.18,33,9790.23,"STEM",1998,69.52,124,1
2.79,47,9721,"Buisness",1991,66.28,121,2
2.68,3,13272.6,"Vocational",1974,67.08,121,3
3.02,8,10282.24,"Humanities",1990,68.66,122,2
2.54,22,10254,"Buisness",2000,65.93,121,1
2.47,26,9733.61,"STEM",2014,71.64,121,2
1.82,24,9818,"Buisness",1963,68.75,123,1
1.79,3,9827.93,"STEM",1991,70.73,121,0
2.68,33,9717.39,"STEM",1961,67.05,120,1
2.62,24,10248.34,"Humanities",1994,71.06,123,0
2.24,22,13224.02,"Vocational",2014,65.42,125,0
2.26,4,5032.31,"Other",1976,65.13,121,3
2.57,14,10268.58,"Humanities",1964,69.52,123,1
2.89,14,9723.54,"STEM",1991,69.16,121,0
2.38,9,9762,"Buisness",1987,66.99,120,1
2.05,7,5043.75,"Other",2005,70.26,120,1
2.95,15,13285.1,"Vocational",2007,69.14,123,1
1.75,24,9837.41,"STEM",1970,67.55,122,1
2.48,111,9747.78,"STEM",2001,68.91,122,2
2.35,29,13216.85,"Vocational",1963,68.69,121,1
3.02,30,13281.85,"Vocational",2004,70.84,125,1
2.82,34,6153.5,"Other",1990,66.39,120,2
2.16,16,9762.69,"STEM",2004,67.03,121,0
2.6,3,13254.72,"Vocational",2001,67.2,120,0
2.93,8,9722.76,"STEM",1995,68.08,122,1
2.75,14,13254.46,"Vocational",2011,68.02,121,1
1.93,31,10193,"Buisness",1992,66.2,120,1
1.9,1,9810,"Buisness",1993,67.21,127,0
2.23,12,10226.72,"Humanities",1966,67.28,123,1
2.5,42,11736.16,"Professional",1996,71.09,121,1
2.02,39,9798,"Buisness",1999,66.97,121,0
2.36,1,11759.6,"Professional",1968,68.1,121,1
2.71,6,13269.58,"Vocational",2013,68.99,123,0
2.96,6,9707.24,"STEM",1987,68.54,120,2
3.52,13,5172.04,"Other",1987,67.7,121,1
2.65,12,13266.25,"Vocational",1963,68.34,120,0
1.95,13,10192.94,"Humanities",1999,70.77,124,1
2.23,24,5587.59,"Other",1998,68.77,124,1
2.06,11,9794,"Buisness",2003,72.07,123,1
2.94,17,13287.79,"Vocational",1982,70.23,121,0
1.72,35,9828,"Buisness",2001,64.29,121,4
3.03,33,10292.03,"Humanities",1989,67.01,126,1
2.78,7,13281.17,"Vocational",1988,69.96,122,2
1.7,15,13173.56,"Vocational",2013,67.45,120,0
2.41,96,14215.55,"Other",2010,69.24,121,1
2.99,14,9708.99,"STEM",1988,68.72,120,4
2.65,4,11746.92,"Professional",2003,66.9,123,2
2.89,20,13264.04,"Vocational",1981,69.48,121,1
2.86,9,9717.28,"STEM",1973,66.76,126,0
3.06,15,10306,"Buisness",1968,70.27,121,2
3.05,13,9696.33,"STEM",1971,67.23,121,1
3.08,9,9694.55,"STEM",2011,64.47,127,0
2.35,101,13240.81,"Vocational",1964,62.12,121,1
2.73,17,5305.08,"Other",1961,67.94,121,3
2.11,17,11793.66,"Professional",2004,72.65,123,2
2.12,8,5061.48,"Other",2006,70.57,121,1
3.06,3,10306,"Buisness",1998,68.54,120,3
2.34,25,11776.66,"Professional",1967,70.35,125,0
2.2,0,5020.16,"Other",1975,70.02,121,0
3.13,6,13298.8,"Vocational",1968,69.21,122,3
1.68,1,10176.53,"Humanities",1981,67.23,121,1
2.98,54,9702,"Buisness",1983,69.64,120,4
2.65,82,9723.75,"STEM",2001,66.29,121,4
2.67,24,10267,"Buisness",1964,68.12,123,0
2.74,25,11717.43,"Professional",1976,67.93,120,1
2.28,30,11769.65,"Professional",1964,65.48,123,0
2.05,23,13208.84,"Vocational",1962,65.89,121,1
1.94,34,11806.11,"Professional",1971,65.45,122,1
2.19,78,10223.44,"Humanities",2007,65.01,121,0
2.91,9,11718.82,"Professional",1965,67.63,123,1
2.48,27,9742.72,"STEM",1983,67.17,121,1
2.45,11,13248.58,"Vocational",1981,67.76,122,0
2.81,81,11727.75,"Professional",1995,67.87,123,3
1.71,6,10185.91,"Humanities",1985,70.02,126,1
2.57,51,9737.38,"STEM",1991,66.85,122,1
1.87,2,11811.05,"Professional",1982,70.58,120,0
2.26,11,9778.79,"STEM",1999,64.96,123,0
2.71,113,17753.51,"Other",1978,67.5,120,0
2.41,34,9761.52,"STEM",1966,65.67,121,1
3.19,29,10327.42,"Humanities",1993,66.96,126,1
2.16,45,7022.56,"Other",1982,69.41,121,1
2.02,8,11791.31,"Professional",1962,68.57,126,0
2.44,33,13245.2,"Vocational",2011,65.86,121,1
2.74,8,10265.89,"Humanities",1987,63.09,124,1
2.66,11,9735.18,"STEM",2001,68.22,125,2
1.99,94,13187.21,"Vocational",1987,66.97,121,1
2.45,73,10253.66,"Humanities",1995,68.66,122,1
2.31,5,13213.73,"Vocational",2014,68.88,120,0
2.29,19,10235.79,"Humanities",1995,66.39,120,1
2.26,2,9766.13,"STEM",1984,67.76,121,2
1.97,27,10197,"Buisness",1998,67.97,123,1
2.69,5,5027.62,"Other",1987,64.97,122,1
1.99,45,10201.16,"Humanities",1982,64.5,121,2
1.64,10,10164,"Buisness",1960,67.91,120,0
2.29,15,13236.82,"Vocational",1981,68.77,122,1
2.86,32,13292.16,"Vocational",1969,72.33,121,0
2.53,10,10278.68,"Humanities",1985,65.82,120,3
2.26,32,13213.24,"Vocational",1962,70.95,128,2
3.2,2,9680,"Buisness",2003,67.14,121,0
2.83,18,9694.05,"STEM",1964,72.05,124,1
2.6,33,13275.63,"Vocational",1981,68.27,121,1
2.77,8,9720.46,"STEM",1975,70.69,122,0
1.99,7,9801,"Buisness",2001,71.69,120,1
2.65,40,10265,"Buisness",1992,67.47,121,1
2.22,43,13196.17,"Vocational",1961,69.14,122,0
2.84,12,10268.12,"Humanities",1999,69.96,121,2
3.16,85,11691.31,"Professional",1994,68.7,121,1
2.48,38,10250,"Humanities",1990,66.31,121,1
3.26,17,10309.15,"Humanities",2013,69.18,120,0
3.49,9,11657.27,"Professional",1962,67.91,122,1
2.5,3,11740.12,"Professional",1987,67.48,122,0
2.72,5,11727.17,"Professional",1986,68.36,122,1
1.52,11,13137.34,"Vocational",1988,67.31,124,2
2.01,3,11790.48,"Professional",1980,67.27,122,1
2.82,11,9719.15,"STEM",1981,64.13,120,1
1.52,3,11828.93,"Professional",2015,69.64,121,1
3.61,19,9632,"STEM",2010,63.8,123,0
2.53,9,9747,"Buisness",1961,67.87,120,0
2.66,24,9734,"Buisness",2011,65.06,122,1
2.58,4,11752.57,"Professional",1969,67.75,123,1
2.15,21,5447.81,"Other",1969,68.71,120,0
1.5,28,11840.47,"Professional",2003,67.28,122,1
2.39,26,11749.33,"Professional",1970,68.06,120,1
2.2,21,9787.16,"STEM",1968,65.88,121,1
2.52,19,9751.18,"STEM",1997,65.92,120,0
2.89,8,13290.09,"Vocational",1996,69.14,122,0
2.65,74,10263.43,"Humanities",1995,69.77,120,1
2.85,4,9736.47,"STEM",2000,68.67,123,1
2.98,3,5031.72,"Other",1968,65.48,122,1
2.63,23,11727.02,"Professional",1994,64.84,120,1
3.13,15,13308.98,"Vocational",1967,66.59,123,1
2.87,7,10285.31,"Humanities",1983,71.98,121,3
2.34,25,9758.49,"STEM",2000,70.59,122,2
2.05,44,10193.68,"Humanities",1991,66.51,122,1
2.55,55,9739.49,"STEM",1985,64.83,121,0
2.59,48,13266.83,"Vocational",2007,65.86,123,0
3.01,26,13313.3,"Vocational",1979,67.48,122,1
2.04,5,10204,"Buisness",1988,67.59,122,1
2.16,43,9782.91,"STEM",1999,66.94,122,0
2.2,72,10185.74,"Other",1964,69.54,122,2
2.18,24,11785.34,"Professional",2001,65.2,125,0
2.19,88,11798.45,"Professional",2006,73.21,120,2
3,13,11691.34,"Professional",2002,67.97,120,1
2.56,12,9732.23,"STEM",1964,67.36,121,0
1.87,7,10173.12,"Humanities",1966,67.12,120,1
2.16,29,13207.96,"Vocational",1999,67.75,125,0
2.67,42,13249.83,"Vocational",1976,67.73,121,1
2.41,13,13244.58,"Vocational",2005,64.16,122,1
3.08,14,11693.24,"Professional",2003,67.21,123,0
2.15,7,9771.62,"STEM",2001,68.76,120,1
1.71,23,10148.83,"Humanities",1999,67.41,121,0
2.43,0,11773.14,"Professional",1991,68.83,121,3
2.43,1,9757,"Buisness",2013,66.04,120,1
2.84,22,10284,"Buisness",2000,69.78,123,0
3.69,2,11607.12,"Professional",1971,67.16,122,1
2.85,12,13269.8,"Vocational",1986,70.84,123,1
3.27,13,11666.66,"Professional",1998,70.93,122,1
2.16,11,13212.48,"Vocational",2003,67.6,120,0
2.23,4,5033.85,"Other",2012,68.09,121,1
2.2,11,9798.53,"STEM",2014,68.73,121,0
2.7,22,13288.2,"Vocational",2015,69.66,127,0
3.03,46,9699.31,"STEM",2013,70.18,120,1
2.46,12,9730.74,"STEM",1998,70.28,124,0
1.94,21,9802.35,"STEM",1966,69.39,128,1
2.64,9,9718.82,"STEM",1986,66.38,123,0
2.71,21,11720.21,"Professional",1997,69.15,121,1
2.63,12,13254.73,"Vocational",1991,72.03,120,1
2.73,6,10259.31,"Humanities",1980,67.45,121,0
3.13,1,10334.79,"Humanities",1987,68.66,121,1
1.37,39,10151.64,"Humanities",1973,66.58,124,0
3.19,23,13321.5,"Vocational",1995,65.02,120,1
2.23,8,13221.07,"Vocational",2009,67.12,125,0
2.9,9,13276.63,"Vocational",1988,68.11,124,2
2.68,24,10264.65,"Humanities",2008,66.96,121,0
2.45,66,10237.78,"Humanities",1967,68.11,121,1
2.92,39,9694.36,"STEM",1965,68.12,121,3
2.6,14,10267.16,"Humanities",1998,68.98,122,0
2.58,12,11744.21,"Professional",2002,67.91,123,1
2.04,8,10207.11,"Humanities",2004,68.09,120,2
2.88,2,10288,"Buisness",1990,70.27,122,0
2.02,11,10198.1,"Humanities",1964,67.04,123,2
2.06,13,9799.41,"STEM",1977,65.44,125,1
2.37,35,6216.17,"Other",1990,67.78,120,0
1.74,0,10185,"Humanities",1995,70.01,122,1
2.53,26,13238.31,"Vocational",1992,71.65,120,1
1.97,8,11767.69,"Professional",1988,70.31,121,1
2.59,15,10269.02,"Humanities",1968,64.59,121,0
1.75,4,10175,"Buisness",1972,67.37,121,0
2.4,1,13231.15,"Vocational",1997,65.64,122,0
2.39,1,9775.08,"STEM",2010,63.37,121,0
2.5,17,9747.8,"STEM",1982,67.5,122,0
2.96,0,11719.96,"Professional",1970,67.15,121,1
2.63,11,11742.35,"Professional",1977,68.29,120,2
1.58,8,10158,"Buisness",2002,65.61,127,1
2.6,41,13243.22,"Vocational",1980,67.97,122,0
2.37,28,5792.73,"Other",1994,65.21,121,2
2.69,7,11735.17,"Professional",1990,70.55,134,1
2.26,38,9774.8,"STEM",1997,67.31,120,1
2.77,0,13270.87,"Vocational",1961,67.82,120,0
2.78,14,9730.06,"STEM",1966,67.1,121,0
1.83,7,11834.88,"Professional",1982,70.87,121,1
2.19,9,11793.39,"Professional",2005,65.99,124,1
2.13,9,9788.77,"STEM",1986,71.2,125,1
2.66,22,13260.13,"Vocational",1973,66.79,126,0
2.24,8,11792.66,"Professional",1996,65.59,122,1
2.46,21,9751.46,"STEM",2004,67.04,121,0
2.78,20,10284.91,"Humanities",1992,68.87,122,0
2.12,15,11775.88,"Professional",2004,71.84,121,1
1.82,34,11818.74,"Professional",2013,70.17,125,1
2.32,5,9761.14,"STEM",2013,65.91,121,1
2.82,18,11723.54,"Professional",2005,67.34,121,0
2.13,52,11766.97,"Professional",2014,67.07,123,0
2.71,18,10251.65,"Humanities",1991,66.79,122,0
2.82,16,10282,"Buisness",1994,70.25,121,0
2.82,0,13288.25,"Vocational",1970,69.16,122,3
2.8,2,13275.9,"Vocational",2010,66.98,123,1
2.89,15,9704.52,"STEM",1972,70.23,121,0
1.85,6,13198.24,"Vocational",1965,65.59,121,0
2.25,26,10228.16,"Humanities",1961,69.88,121,1
2.25,154,9763.7,"STEM",1976,68.38,120,0
2,4,10210.81,"Humanities",1986,66.85,123,0
2.04,18,10211.29,"Humanities",2002,62.86,121,1
2.42,10,11749.38,"Professional",1983,66.53,120,2
2.81,6,9715.27,"STEM",1981,68.93,122,3
3.21,5,9686.7,"STEM",1993,69.21,121,1
2.4,45,11756.92,"Professional",2013,67.42,121,0
2.73,41,6652.31,"Other",2014,69.74,120,1
2.84,0,9719.3,"STEM",1973,68.45,123,0
3.07,27,13291.9,"Vocational",1971,71.49,122,2
2.92,42,13301.65,"Vocational",2012,70.6,120,2
1.56,24,13159.13,"Vocational",1995,67.13,121,0
2.45,10,9761.79,"STEM",1994,68.53,131,0
2.34,1,10228.48,"Humanities",1971,68.97,122,1
2.39,3,11747.26,"Professional",1996,66.95,122,1
2.83,18,11725.64,"Professional",1969,67.21,126,2
2.86,6,13287.54,"Vocational",1965,68.92,125,1
2.1,53,11787.68,"Professional",2000,68.58,120,1
2.18,2,5013.73,"Other",1996,66.67,120,3
2.38,9,11755.25,"Professional",1961,64.32,125,0
2.92,32,10283.59,"Humanities",1979,71.32,120,0
3.09,34,11679.94,"Professional",2010,66.47,121,1
2.66,50,10266,"Buisness",2010,68.57,122,0
2.74,2,9726,"Buisness",1975,70.27,120,0
3.18,7,5074.13,"Other",1972,66.84,121,0
2.43,11,9757,"Buisness",1999,67.26,124,0
3.15,10,11680.9,"Professional",1978,68.2,122,1
2.67,11,5108.63,"Other",1998,69.89,121,0
1.79,2,9821,"Buisness",1987,71.47,122,0
1.72,31,10164.41,"Humanities",1976,70.35,121,0
2.79,38,13276.06,"Vocational",2006,67.91,121,2
2.36,21,11775.12,"Professional",1968,67.19,121,2
1.61,28,5784.32,"Other",2005,71.84,128,2
2.89,16,9712.16,"STEM",2001,71.69,120,1
3.01,19,10310.27,"Humanities",1987,66.86,122,1
1.69,10,10157.55,"Humanities",1962,68.54,121,1
2.41,8,9763.25,"STEM",2015,71.28,122,1
2.09,23,9798.19,"STEM",1987,66.67,121,1
2.41,2,9753.62,"STEM",1999,68.93,121,0
2.66,1,13258.19,"Vocational",1989,71.58,121,1
3.29,44,6929.74,"Other",1993,63.69,125,1
2.26,12,9763.6,"STEM",1999,66.05,120,3
1.88,1,11826.46,"Professional",1971,68.46,121,1
3.39,12,13337.89,"Vocational",1980,67.57,122,2
2.63,0,10262.23,"Humanities",1983,69.43,122,0
2.64,15,13266.17,"Vocational",1987,69,121,0
2.42,3,13242.07,"Vocational",1981,68.18,121,0
2.29,5,9771,"Buisness",2001,66.13,120,1
1.88,26,11811.2,"Professional",1993,69.68,122,2
2.63,25,10263,"Buisness",1972,69.39,121,1
2,10,9801.12,"STEM",1989,67.54,121,0
2.23,38,6457.81,"Other",2009,69.17,121,2
2.61,8,9729.62,"STEM",1974,67.62,121,1
2.66,21,9734,"Buisness",1973,66.5,124,1
1.9,8,9810,"Buisness",1989,70.77,123,0
3.5,8,11644.22,"Professional",1967,69.43,126,1
2.6,24,9730.04,"STEM",2003,64.54,122,1
2.49,66,13242.37,"Vocational",2001,69.09,121,0
2.24,21,10235.21,"Humanities",1999,66.05,121,2
2.07,11,13211.94,"Vocational",1995,66.3,127,0
3.1,27,10310.69,"Humanities",1996,64.75,121,0
2.61,6,5031.9,"Other",2005,70.9,123,2
3.05,1,13314.52,"Vocational",2007,67.84,121,0
2.69,4,9735.44,"STEM",1967,67.48,120,2
2.93,29,10293,"Buisness",1962,69.57,121,1
2.52,12,13248.39,"Vocational",2011,65.61,121,1
3.19,33,11669.6,"Professional",1993,69.53,122,3
2.87,78,11101.17,"Other",1974,66.67,122,0
2.91,1,10290.24,"Humanities",1989,68.83,120,1
2.02,4,11793.27,"Professional",1974,68.57,121,1
2.9,28,10290,"Buisness",2004,67.11,121,2
2.07,9,11802.86,"Professional",1980,63.84,129,2
2.63,16,10249.47,"Humanities",2011,68.67,120,4
2.24,62,9791.13,"STEM",1978,67.57,121,1
2.07,45,11811.38,"Professional",2000,69.17,121,1
2.13,8,11805.97,"Professional",2012,68.86,124,0
2.63,24,9741.61,"STEM",1987,63.62,121,1
2.43,3,11736.58,"Professional",1990,68.89,125,1
2.4,13,9760,"Buisness",2007,66.3,124,0
2.24,18,9776,"Buisness",1989,69.1,120,1
1.9,15,9804.51,"STEM",2002,70.2,120,3
2.15,36,10230.86,"Humanities",1985,67.87,131,1
2.88,11,11735.53,"Professional",1974,69.57,121,0
2.68,7,9732,"Buisness",2015,69.19,120,1
1.58,59,11839.17,"Professional",2015,67.61,121,1
2.48,7,13240.44,"Vocational",2004,69.81,124,2
2.9,8,10284.74,"Humanities",2001,69.26,121,0
2.58,3,10258,"Buisness",1994,66.67,120,1
2.04,23,13199.03,"Vocational",1967,66.9,122,0
2,3,10197.39,"Humanities",2010,66.86,121,1
2.69,11,10269,"Buisness",1978,65.08,122,2
3.38,8,13352.84,"Vocational",1998,66.4,124,2
2.83,24,10277.16,"Humanities",1965,70.66,120,1
2.56,36,13271.43,"Vocational",2015,70.17,124,0
2.79,12,5133.49,"Other",2002,71.03,121,3
3.5,21,10346.9,"Humanities",1973,69.06,122,0
2.44,17,10234.05,"Humanities",1993,69.62,121,1
2.49,27,9766.68,"STEM",2010,69.03,122,3
1.81,9,5085.26,"Other",1988,67.37,122,1
3.07,3,13318.22,"Vocational",1971,71.29,122,3
2.84,30,13286.18,"Vocational",2013,67.68,121,0
2.32,44,13247.14,"Vocational",2011,67.8,121,0
2.83,17,11717.24,"Professional",1975,67.17,123,0
2.74,3,9722.02,"STEM",1997,70.36,120,0
2.22,2,9765.06,"STEM",1968,66.28,124,0
1.53,39,13150.5,"Vocational",1984,67.42,121,6
2.75,55,9719.73,"STEM",1992,72.94,120,3
2.43,25,13230.66,"Vocational",1979,65.83,121,0
2.55,16,9747.68,"STEM",1966,67.61,121,4
1.7,18,9830,"Buisness",1989,65.58,122,1
2.3,18,10230,"Buisness",2008,67.34,122,1
2.95,13,5152.34,"Other",1996,69.37,120,2
2.09,79,11258.67,"Other",2004,72.86,121,4
2.5,14,9750,"Buisness",1985,69.25,122,2
2.75,11,13273.22,"Vocational",1972,67.8,122,0
1.83,3,4994.21,"Other",1989,69.57,123,0
2.21,62,11784.7,"Professional",1988,69.34,121,0
2.41,31,13252.17,"Vocational",1971,70.5,127,1
2.69,45,10261.38,"Humanities",2013,67.73,121,1
1.67,37,11822.11,"Professional",1988,66.78,121,1
2.62,38,9725.43,"STEM",1998,65.9,122,1
3.14,6,13295.34,"Vocational",1969,67.63,121,0
1.45,17,9847.58,"STEM",2003,71.25,122,2
1.99,11,10210.56,"Humanities",2002,68.64,122,1
3.31,7,11661.47,"Professional",2010,66.83,124,0
3.04,5,5028.14,"Other",1997,70.33,123,2
2.49,7,10269.73,"Humanities",1988,67.39,126,0
2.97,3,5001.16,"Other",1993,71.01,121,1
2.22,17,10229.23,"Humanities",1981,73.8,122,0
1.74,2,10174,"Buisness",2014,67.38,123,1
3.26,12,11679.3,"Professional",1966,70.72,120,0
2.19,10,13210.18,"Vocational",1977,65.32,120,1
2.11,2,10224.21,"Humanities",1971,69.35,122,1
2.22,2,13201.07,"Vocational",1997,68.63,124,0
2.02,3,10190.28,"Humanities",1967,68.76,122,1
2.05,5,5035.41,"Other",1974,67.88,123,0
1.93,6,10207.27,"Humanities",2010,69.2,121,1
2.35,46,10244.43,"Humanities",1990,67.53,120,1
2.14,20,13206.78,"Vocational",2007,65.67,124,3
2.1,11,9790,"Buisness",2015,68.02,125,2
2.54,13,10260.45,"Humanities",1972,71.84,121,1
2.96,9,5091.73,"Other",1968,67.37,121,3
2.93,3,13284.25,"Vocational",1984,70.07,122,1
2.64,26,13257.77,"Vocational",2008,68.75,121,0
3.04,18,13314.5,"Vocational",1972,70.23,121,4
2.98,0,9687.31,"STEM",1991,72.88,122,1
1.83,4,10178.94,"Humanities",1992,67.71,124,2
3.19,25,10321.2,"Humanities",1992,66.72,121,0
2.21,2,9779,"Buisness",1983,67.77,120,1
2.27,38,9766.78,"STEM",2000,67.29,121,0
2.31,8,10232.92,"Humanities",1985,68.36,123,0
3,3,13307.95,"Vocational",2001,68.32,124,0
2.23,4,9784.47,"STEM",1970,66.31,124,2
2.59,6,10238.18,"Humanities",2002,72.92,122,1
2.46,4,9753.09,"STEM",2008,66.78,121,1
2.04,5,11798.02,"Professional",1982,66.38,128,1
1.93,2,9802.78,"STEM",1975,72.92,122,1
2.38,11,9765.81,"STEM",2010,69.27,121,2
3.23,1,10318.89,"Humanities",2011,66.87,121,1
2.4,24,10222.81,"Humanities",1995,67.39,122,3
2.69,53,11726.85,"Professional",1986,66.75,122,0
2.25,7,13238.07,"Vocational",2003,68.04,123,3
2.29,35,13216.01,"Vocational",2013,67.43,125,4
2,5,11780.95,"Professional",1971,70.13,123,1
3.15,30,9697.39,"STEM",1988,68.2,121,0
2.69,51,11733.76,"Professional",1964,72.99,122,1
1.44,0,13149.21,"Vocational",1986,69.4,121,0
2.62,18,11736.92,"Professional",1992,68.51,121,0
2.88,1,4999.55,"Other",1969,67.19,122,1
3.12,13,11692.26,"Professional",1991,67.16,121,1
1.73,23,10178.7,"Humanities",1982,64.92,120,1
2.16,5,10211.38,"Humanities",1965,65.86,122,0
2.88,14,13291.81,"Vocational",1993,69.4,121,2
1.9,15,9795.69,"STEM",1975,63.89,125,1
2.99,1,9693.99,"STEM",1975,66.76,121,2
3.01,24,5572.9,"Other",1984,68.19,120,0
2.12,12,9782.01,"STEM",2007,66.63,125,0
3.51,12,11655.5,"Professional",1966,69.54,124,1
2.5,22,9751.51,"STEM",1963,69.09,120,2
2.66,29,10274.66,"Humanities",2014,67.54,121,0
3.11,17,9689,"Buisness",1987,70.87,121,0
3.04,1,10288.98,"Humanities",1961,67.04,123,1
2.66,22,10269.71,"Humanities",1989,66.84,121,2
2.34,18,11764.22,"Professional",1995,69.69,123,0
2.69,50,7477.79,"Other",1964,66.21,121,2
1.92,24,9811.46,"STEM",2000,69.54,126,0
3.2,13,10318.59,"Humanities",2002,68.24,121,0
1.99,7,9805.69,"STEM",1984,67.43,122,1
1.73,20,10173,"Buisness",2006,69.93,127,0
2.6,0,11742.42,"Professional",1978,67.15,122,0
2.99,8,9697.85,"STEM",1987,69.31,121,0
3.36,15,11663.66,"Professional",1995,70.19,120,1
2.36,9,11767.9,"Professional",1987,65.15,123,1
2.88,9,11718.14,"Professional",1992,69.9,122,2
2.52,6,11753.15,"Professional",2001,70.73,121,1
2.26,38,13221.81,"Vocational",1969,68.95,121,1
2.05,82,11794.86,"Professional",2000,67.57,125,1
2.77,1,11728.05,"Professional",1983,67.37,126,0
1.89,18,11804.01,"Professional",2012,69.14,121,2
2.09,16,13213.11,"Vocational",1977,71.11,122,0
1.88,12,13189.06,"Vocational",1984,69.7,122,0
2.45,1,10245,"Buisness",2002,71.25,121,0
1.88,27,9812.58,"STEM",2007,68.45,127,2
2.68,46,9734.3,"STEM",1966,69.18,120,1
2.35,2,10242.31,"Humanities",1963,70,122,3
2.31,12,11769.89,"Professional",1977,68.68,127,0
2.78,44,11739.01,"Professional",1965,68.14,120,1
2.25,63,13226.57,"Vocational",1966,68.82,120,1
2.97,83,10313.46,"Humanities",2012,70.95,122,1
2.48,79,11742.37,"Professional",1986,67.56,120,2
2.77,1,10277.43,"Humanities",2005,71.63,133,0
2.45,63,11749.13,"Professional",1994,72.5,120,0
2.57,7,10248.87,"Humanities",2009,66.98,123,0
2.58,37,6372.32,"Other",1967,65.76,122,1
2.43,14,11752.08,"Professional",1967,64.87,123,0
1.66,16,9824.31,"STEM",1977,70.1,123,0
2.7,72,10264.95,"Humanities",1964,67.89,123,1
3.13,4,9703.93,"STEM",2002,69.73,122,0
2.81,6,13272.46,"Vocational",1968,68.99,123,0
2.73,4,13278.91,"Vocational",1972,72,120,1
2.4,3,5017.54,"Other",1978,67.12,120,3
2.15,33,13223.09,"Vocational",2003,64.7,121,1
2.39,1,9768.74,"STEM",1970,64.66,120,0
2.21,24,9777.12,"STEM",1970,67.07,120,0
2.43,12,9745.13,"STEM",2006,66.96,125,1
2.57,28,13238.32,"Vocational",1977,67.04,120,1
1.76,6,9823.21,"STEM",1995,68.85,121,0
2.39,24,9764.18,"STEM",1983,70.75,120,1
3.02,9,9697.97,"STEM",1977,69,124,0
2.12,4,11803.55,"Professional",2003,73.13,123,0
2.28,10,9784.67,"STEM",2011,69.39,122,1
2.63,65,10258.41,"Humanities",2003,65.2,121,1
2.12,17,10224.31,"Humanities",1964,68.32,121,1
2.4,36,13231.12,"Vocational",1964,65.3,124,0
1.77,10,10151.29,"Humanities",1999,68.06,121,2
2.54,31,9769.26,"STEM",1977,67.03,120,0
2.5,18,11744.43,"Professional",1962,68.64,120,0
2.24,21,11781.71,"Professional",2002,67.98,122,0
3.08,20,9677.27,"STEM",1998,65.39,120,0
2.57,1,9759.7,"STEM",1982,67.13,124,1
2.54,8,10254,"Buisness",1978,66.75,122,0
1.67,31,13176.42,"Vocational",1962,68.57,126,1
2.77,58,9723,"Buisness",1985,65.38,121,0
2.44,26,10244,"Buisness",1980,69.26,121,0
3.79,30,9593.1,"STEM",1973,70.01,121,0
2.5,6,11755.15,"Professional",1969,70.59,124,1
3.19,35,10319,"Buisness",2008,65.95,121,1
1.83,21,11828.46,"Professional",1973,67.39,120,1
1.99,2,11794.78,"Professional",1996,67.69,121,1
1.54,19,11851.56,"Professional",1967,69.81,122,1
1.94,10,9815.9,"STEM",1970,67.48,121,1
2.66,3,9742.3,"STEM",1963,67.86,124,1
3.08,12,5132.22,"Other",1985,70.89,121,1
3.31,28,10335,"Humanities",1983,64.62,125,0
2.52,15,10233.71,"Humanities",1997,68.99,122,0
3.11,1,13315.43,"Vocational",1999,71.05,126,2
1.94,3,13183.58,"Vocational",1988,71.33,123,0
2.92,2,9715.98,"STEM",1963,69.57,122,0
2.34,6,10234,"Buisness",1998,67.99,120,2
2.73,37,11720.5,"Professional",2003,69.71,121,1
1.91,1,11817.49,"Professional",1990,69.77,122,0
2.43,2,9750.75,"STEM",1974,67.31,128,2
2.27,11,13225.14,"Vocational",2008,69.18,121,0
2.06,8,9797.5,"STEM",2013,67.72,122,1
2.43,55,9765.32,"STEM",1993,69.1,120,7
3.12,9,5084.54,"Other",1977,70.52,123,1
2.6,62,9731.46,"STEM",2000,70.25,122,2
2.12,0,9792.05,"STEM",1978,68.67,121,0
2.33,5,13245.73,"Vocational",1967,69.11,120,2
2.31,39,11767.57,"Professional",1997,68.96,121,0
3.47,7,9646.89,"STEM",2011,66.32,123,0
2.67,9,11730.69,"Professional",1982,66.71,121,1
3.32,14,10329.43,"Humanities",1988,68.52,125,3
2.25,15,10228.58,"Humanities",1965,66.45,120,1
2.13,12,9785.56,"STEM",1988,66.8,121,0
2.44,21,11765.55,"Professional",1963,68.38,121,1
2.39,25,5635.21,"Other",1983,70.25,123,0
2.99,56,13285.08,"Vocational",1974,71.03,121,1
2.07,18,11796.42,"Professional",1964,70.72,123,1
3.49,0,11653.3,"Professional",1990,71.1,121,0
2.77,7,11702.98,"Professional",1968,71.12,120,1
1.61,9,9839,"Buisness",1975,63.77,121,3
3.46,77,10352.98,"Humanities",2001,68.02,127,2
2.89,65,10278.57,"Humanities",1965,64.39,121,3
2.55,7,9769.4,"STEM",1977,69.94,129,0
2.25,7,11771.33,"Professional",1961,70.45,121,1
2.06,4,13201.39,"Vocational",1963,71.7,122,2
1.94,10,9809.57,"STEM",1970,67.05,121,1
1.84,1,10191.29,"Humanities",2010,66.71,121,2
2.31,60,13249.71,"Vocational",2007,69.3,120,2
3.02,9,9691.73,"STEM",1997,71.74,120,0
2.47,3,13258.91,"Vocational",1975,66.63,122,0
2.61,8,10261.44,"Humanities",1985,65.92,122,2
2.34,18,11759.27,"Professional",2006,71.75,122,2
2.12,51,11797.78,"Professional",1984,69.49,122,0
2.25,9,13238.44,"Vocational",1980,70.59,122,2
2.58,3,9748.11,"STEM",2004,65.58,124,4
2.59,12,9746.23,"STEM",1974,67.2,121,2
3.01,14,13313.93,"Vocational",1974,67.64,120,2
2.24,3,10224,"Buisness",2014,68.36,122,3
2.64,11,11745.29,"Professional",2010,68.97,125,2
2.84,6,10259.37,"Humanities",1983,63.53,120,0
2.3,12,10223.06,"Humanities",2001,64.1,120,0
2.43,2,5002.65,"Other",1967,69.29,120,3
2.85,5,13277.8,"Vocational",1966,69.82,124,0
2.28,1,13228.89,"Vocational",2015,67.99,123,2
2.63,8,9737,"Buisness",1969,67.07,122,0
2.05,18,10211.52,"Humanities",1982,71.56,120,2
2.3,4,13232.67,"Vocational",2001,70.04,121,0
3.02,18,11687.6,"Professional",1969,71.09,124,1
2.5,1,9758.73,"STEM",2013,67.17,121,2
2.62,4,10267.43,"Humanities",2005,65.72,121,2
3.16,32,13318.88,"Vocational",1977,66.66,120,0
2.93,13,10293,"Buisness",2000,69.65,121,1
2.32,19,13218.65,"Vocational",1978,68.29,121,1
2.91,59,13285.96,"Vocational",2000,67.23,121,2
2.64,15,10251.8,"Humanities",1994,68.77,121,0
3.21,49,11669.42,"Professional",1970,67.67,127,2
2.6,26,11749.13,"Professional",1970,69.69,122,0
2.12,2,5009.9,"Other",2006,66.59,122,2
2.59,7,9745.88,"STEM",1997,70.42,120,1
2.43,54,10243,"Buisness",1996,65.41,121,1
2.94,6,11699.99,"Professional",1992,69.15,122,0
2.71,37,9727.46,"STEM",2005,69.06,121,2
2.68,57,9728.63,"STEM",1975,70.99,121,1
2.11,8,13202.8,"Vocational",1995,68.5,122,0
2.34,6,11769.58,"Professional",1979,68.75,121,0
1.77,49,10183.15,"Humanities",1972,65.71,120,0
3.14,5,13329.6,"Vocational",1969,67.92,123,3
2.76,2,11733.33,"Professional",1962,66.95,120,1
2.9,30,10282.48,"Humanities",1972,66.58,121,1
1.84,14,9830.92,"STEM",1981,69.41,121,2
2.13,3,10211.73,"Humanities",2001,64.14,122,1
2.51,32,13247.95,"Vocational",2000,67.76,121,1
2.94,1,11700.62,"Professional",1970,68.63,120,1
3.29,78,13339.28,"Vocational",1977,69.62,122,1
2.81,1,10279.07,"Humanities",1985,70.42,121,0
2.56,46,10268.34,"Humanities",2013,68.72,120,2
2.44,3,9755.98,"STEM",1964,67.96,121,1
1.49,47,9858.28,"STEM",1987,68.19,122,0
1.83,7,13188.8,"Vocational",2007,68.81,121,1
2.55,56,9745,"Buisness",2009,65.22,121,1
2.9,47,9698.13,"STEM",2000,64.27,122,3
2.16,25,10209.23,"Humanities",2015,68.11,123,1
2.5,11,9755.84,"STEM",2001,67.7,125,3
1.85,17,9818.12,"STEM",1961,69.3,123,1
2.86,10,9713.71,"STEM",2013,65.78,120,1
2.85,28,13278.37,"Vocational",1984,65.64,121,0
2.86,16,10286,"Buisness",1996,69.73,125,0
2.25,5,9759.92,"STEM",1977,67.16,120,0
2,4,9800,"Buisness",2013,65.15,121,0
2.33,23,10228.57,"Humanities",1967,63.21,124,0
1.83,10,10195.98,"Humanities",1974,67.21,121,1
3.3,25,9661.17,"STEM",2004,67.53,120,0
2,6,9800,"Buisness",1999,69.32,120,3
2.14,15,9782.01,"STEM",1999,70.35,121,0
2.28,19,9780.93,"STEM",1962,69.01,124,1
2.15,45,11775.04,"Professional",1980,66.5,120,2
2.39,8,9760.04,"STEM",1996,68.72,120,0
2.28,45,13221.52,"Vocational",1964,68.42,132,1
2.94,19,11709.67,"Professional",1999,68.99,120,0
2.54,15,11741.49,"Professional",1974,67.57,126,0
2.31,9,9773.18,"STEM",1968,65.98,121,1
2.09,6,11773.55,"Professional",1969,69.57,121,0
2.09,26,13197.89,"Vocational",1975,66.05,123,0
1.53,12,9840.46,"STEM",1981,66.32,121,0
2.92,2,10302.65,"Humanities",2012,69.25,121,1
3.17,42,10317.82,"Humanities",1966,68.31,120,0
2.05,35,9802.31,"STEM",1999,71.63,121,2
2.53,4,10244.15,"Humanities",1976,71.25,123,1
3.08,24,11695.88,"Professional",1993,69.38,120,1
3.19,2,13304.91,"Vocational",1962,70.52,120,1
2.15,6,13223.02,"Vocational",1997,67.8,130,0
2.59,6,9740.35,"STEM",1966,66.9,120,1
2.6,15,10268.62,"Humanities",1969,69.52,121,1
1.96,7,13198.99,"Vocational",1985,68.1,121,1
2.74,21,11739.5,"Professional",1966,69.6,121,2
2.51,3,10253.13,"Humanities",1981,71.28,120,2
2.34,27,5740,"Other",2003,68.29,123,0
1.68,17,5290.21,"Other",1995,67.91,120,1
3.18,0,13330.78,"Vocational",1989,65.43,125,3
2.14,47,7201.37,"Other",2010,68.98,120,0
2.04,27,5716.23,"Other",1985,71.25,121,1
2.65,18,13252.62,"Vocational",1968,69.2,121,1
2.51,7,10240.34,"Humanities",1993,68.03,121,1
2.21,4,9772.8,"STEM",1969,70.6,123,0
2.73,2,13265.97,"Vocational",1986,65.83,121,0
2.25,12,9789.43,"STEM",1971,63.87,121,1
2.16,7,13208.66,"Vocational",2012,66.39,124,0
3.3,7,9666.66,"STEM",1989,67.78,126,1
3.15,6,13314.57,"Vocational",2002,67.52,122,1
2.58,9,10273.48,"Humanities",1968,70.31,123,0
1.94,3,11807.36,"Professional",1966,68.74,121,0
1.99,9,11803.8,"Professional",1989,67.34,120,1
3.07,6,10307,"Buisness",1986,69.61,120,1
3.11,10,11684.72,"Professional",1982,69.65,124,2
2.63,6,13242.32,"Vocational",1961,67.21,120,2
2.45,33,13236.65,"Vocational",1980,66.71,127,1
2.46,24,10243.6,"Humanities",2006,66.66,125,1
2.53,15,10252.84,"Humanities",2012,69.59,121,0
3.28,1,5004.24,"Other",2005,66.26,121,4
2.54,34,10254,"Buisness",2014,70.3,122,1
2.27,18,10241.65,"Humanities",1980,70.75,120,0
2.08,68,10204,"Humanities",1976,66.14,121,0
2.35,0,11771.84,"Professional",2015,65.34,124,2
3.23,7,10327.69,"Humanities",1977,70.46,120,0
3.01,118,13282.06,"Vocational",1988,66.36,122,2
2.73,2,13259.39,"Vocational",2010,68.34,120,3
3.15,11,9683.19,"STEM",1970,66.04,122,0
2.56,10,13261.57,"Vocational",2005,69.18,121,0
3.12,18,9702.74,"STEM",2015,66.99,120,1
1.9,33,13176.51,"Vocational",2000,72.21,122,1
2.94,0,9710.41,"STEM",1993,67.42,126,2
1.95,26,10196.62,"Humanities",2011,64.25,120,1
2.34,33,9756.31,"STEM",1995,64.28,122,1
2.22,16,13237.1,"Vocational",1980,67.43,120,1
3.19,8,10304.71,"Humanities",2011,66.19,120,0
2.97,8,11703.88,"Professional",1978,67.01,121,3
3.51,3,10372.81,"Humanities",2007,70.16,124,0
2.71,73,13275.78,"Vocational",2003,65.11,121,0
1.12,11,9888,"Buisness",1975,67.86,121,2
2.09,4,5014.84,"Other",1983,66.5,122,0
2,31,11811.24,"Professional",1962,65.03,123,0
2.28,3,13230.98,"Vocational",1998,67.44,125,2
2.7,14,10270,"Buisness",1960,69.34,121,2
1.94,34,9819.45,"STEM",1981,68.28,121,3
2.92,0,11702.92,"Professional",1982,69.61,121,0
3.22,6,10322,"Buisness",1972,66.43,121,0
3,17,9699.4,"STEM",1985,65.69,121,1
2.15,19,10206.75,"Humanities",1993,64.52,121,0
2.91,92,13288.06,"Vocational",1965,68.17,123,1
2.17,12,10217.46,"Humanities",2000,72.3,122,4
2.87,45,7020.7,"Other",1974,68.56,121,2
2.39,2,4998.53,"Other",2010,69.27,125,0
2.35,2,10238.32,"Humanities",2007,67.81,120,3
2.83,11,10285.77,"Humanities",2014,69.51,122,0
1.81,22,9819,"Buisness",1973,71.31,122,0
2.5,7,11738.15,"Professional",1990,67.4,120,2
2.73,23,11736.73,"Professional",1990,67.78,126,2
2.81,11,5128.73,"Other",1987,69.85,123,2
2.99,7,5049.03,"Other",1983,68.31,122,1
2.76,57,9724,"Buisness",1981,65.71,120,0
2.21,17,13212.08,"Vocational",1980,69.17,121,0
1.57,15,11852.62,"Professional",1982,72.4,121,1
1.98,1,5004.04,"Other",1997,67.05,122,0
2.95,35,9719.77,"STEM",1999,67.67,121,0
2.1,11,11787.23,"Professional",1966,70.14,120,1
2.63,36,9729.38,"STEM",1985,66.23,121,0
2.06,9,10207.44,"Humanities",1964,67.52,121,0
3.05,43,10297.43,"Humanities",2011,67.15,120,1
3.14,31,10299.9,"Humanities",1986,68.02,125,1
1.78,40,9816.82,"STEM",1977,63.71,123,1
2.13,2,11775.68,"Professional",2006,69.04,127,1
2.01,17,9823.06,"STEM",2004,65.43,127,1
1.11,41,13109.96,"Vocational",1974,64.66,121,2
2.37,13,10252.7,"Humanities",2004,66.31,122,2
2.33,10,11757.37,"Professional",1990,69.74,122,0
2.89,8,11699.75,"Professional",1969,66.57,120,3
2.32,5,9763.3,"STEM",2010,69.58,122,0
3.38,45,9662,"Buisness",2005,68.95,120,0
2.23,23,9785.37,"STEM",1977,66.68,122,1
2.38,1,10238,"Buisness",2000,67.86,121,0
2.43,28,9757,"Buisness",1985,67.48,123,0
2.33,2,9767.31,"STEM",2013,66.2,121,1
3.13,2,13315.58,"Vocational",2007,68.3,122,0
3.36,13,5165.77,"Other",2009,65.3,123,2
2.67,39,11728.77,"Professional",1974,67.55,122,0
1.94,36,6277.13,"Other",1981,67.39,124,2
2.71,35,9745.39,"STEM",1983,70.62,122,0
2.91,95,11716.33,"Professional",1962,69.93,123,1
2.1,14,9794.61,"STEM",1986,69.48,121,0
3.67,7,5043,"Other",2010,68.69,121,0
2.05,30,10235.16,"Humanities",1971,68.06,122,1
2.42,1,13243.24,"Vocational",1965,71.23,120,0
2.56,30,9753.2,"STEM",1977,64.87,121,1
2.32,13,11777.03,"Professional",1975,67.5,123,0
2.44,32,10238.56,"Humanities",1984,67.12,124,3
3.02,32,11692.26,"Professional",1975,72.06,122,1
1.89,12,9822.04,"STEM",2003,71.83,121,1
2.65,6,10262.38,"Humanities",1983,64.72,124,0
2.66,36,10274.99,"Humanities",1989,71.85,123,0
2.71,30,5906.48,"Other",1976,67.35,122,3
2.33,8,13247.57,"Vocational",1983,62.99,120,0
2.27,22,9779.57,"STEM",1976,68.6,128,1
3.11,29,9689,"Buisness",2009,65.85,121,0
2.48,1,13254.53,"Vocational",2002,68.71,122,1
1.93,21,5426.46,"Other",2003,66.32,130,0
2.8,89,9720,"Buisness",1997,69.17,121,0
2.45,5,10243.04,"Humanities",1971,69.81,120,2
1.7,15,10144.6,"Humanities",2000,68.85,121,2
2.55,7,11745.94,"Professional",2015,66.89,123,0
2.23,21,10223,"Buisness",2002,66.58,122,7
3.3,9,9658.71,"STEM",1987,63.67,120,0
2.11,7,10212.71,"Humanities",2011,65.09,122,3
2.88,6,10288,"Buisness",2004,67.51,121,2
2.37,33,6086.82,"Other",1999,65.54,120,0
2.51,30,9748.8,"STEM",1991,69.12,121,1
3.03,65,9219.32,"Other",1961,68.73,122,0
2.18,3,9765.14,"STEM",2005,71.6,123,1
2.83,4,9715.76,"STEM",2014,65.36,121,1
2.19,22,11787.62,"Professional",1990,64.78,121,0
1.58,27,10161.22,"Humanities",1996,70.58,120,0
3.2,1,11686.22,"Professional",1998,67.81,121,0
1.88,3,13185.94,"Vocational",1995,64.84,123,0
2.53,9,11750.62,"Professional",1992,70.25,120,2
2.33,5,9773.05,"STEM",1990,69.89,130,0
2.37,1,9772.4,"STEM",1967,70.09,121,0
1.54,42,13141.24,"Vocational",1974,69.24,127,1
2.67,7,9732.83,"STEM",1999,70.53,120,0
2.05,35,10208.72,"Humanities",1979,71.16,121,3
2.57,19,10257,"Buisness",2006,68.86,127,0
2.47,2,11752.55,"Professional",2005,65.43,124,0
3.05,52,13307.11,"Vocational",2014,67.85,120,1
2.29,7,10229.7,"Humanities",1986,65.48,123,0
3.23,11,13319.35,"Vocational",1998,69.04,120,0
1.94,16,10193.02,"Humanities",2006,68.06,121,1
2.24,5,13213.57,"Vocational",1980,65.22,125,0
2.96,3,9702.22,"STEM",1982,67.55,129,0
2.45,3,10244.5,"Humanities",1995,65.42,121,1
2.11,14,11771.08,"Professional",1989,65.89,122,2
2.83,4,11741.56,"Professional",2008,67.73,124,2
2.22,11,11788.09,"Professional",2007,72.95,126,2
2.17,10,10204.99,"Humanities",1973,67.27,121,0
2.68,2,10280.8,"Humanities",2005,69.62,122,0
2.81,6,11712.08,"Professional",2008,71.57,122,1
2.66,4,10287.21,"Humanities",1961,67.69,120,1
2.98,3,9700.35,"STEM",1988,70.38,131,0
2.22,38,11768.24,"Professional",2015,69.38,123,2
2.27,19,5362.07,"Other",1985,68.89,122,1
3.35,9,5081.95,"Other",1976,69.27,121,1
2.77,34,6145.87,"Other",1988,69.15,122,1
2.13,2,11780.58,"Professional",1995,71.25,121,0
2.79,89,13275.39,"Vocational",1984,70.27,121,0
2.92,7,13282.7,"Vocational",2014,67.32,120,1
3.14,40,9686,"Buisness",1977,68.37,122,0
3.57,31,10354.57,"Humanities",1971,68.27,121,1
1.94,4,11821.61,"Professional",1969,67.22,122,0
3.66,11,13375.75,"Vocational",1993,66.52,125,1
3.14,32,11693.28,"Professional",2005,63.69,120,1
2.32,21,9768,"Buisness",1991,68.26,121,1
2.81,12,13290.54,"Vocational",1995,66.58,120,1
2.4,46,10240.64,"Humanities",2009,66.11,121,1
2.06,4,10206,"Buisness",1998,67.11,121,1
2.37,2,11770.53,"Professional",1989,68.12,120,2
2.25,39,9766.74,"STEM",2008,67.27,123,0
3.12,57,10298.42,"Humanities",1999,62.82,121,1
2.08,21,9800.65,"STEM",1978,66.67,121,3
2.54,13,10250.16,"Humanities",2014,64.01,121,1
2.22,41,9762.04,"STEM",1973,66.73,120,1
2.49,24,13232.37,"Vocational",1982,68.02,124,0
2.05,5,10205,"Buisness",2010,71.38,123,1
3.16,3,4991.83,"Other",1997,69.05,120,2
2.27,27,11779.49,"Professional",1995,69.15,121,0
2.49,34,13243.1,"Vocational",1992,69.87,120,0
2.02,10,9798,"Buisness",1977,68.97,120,0
2.16,24,10207.94,"Humanities",2013,67.13,126,0
2.14,2,9786.62,"STEM",2009,68.18,120,1
2.67,5,11726.53,"Professional",1998,70.33,127,0
2.51,3,9752.9,"STEM",1982,68.38,121,0
2,6,5039.64,"Other",1980,69.05,123,1
2.25,15,10230.08,"Humanities",1982,70.28,122,2
3.7,2,10380.18,"Humanities",1991,66.41,121,1
2.74,5,9740.72,"STEM",1969,69.89,120,0
3.08,28,9685.03,"STEM",2015,67.26,122,3
2.97,6,11703.61,"Professional",1988,70.13,122,0
2.91,0,13293.77,"Vocational",1995,65.45,122,3
3.59,12,10344.29,"Humanities",1987,69.78,121,0
2.55,20,5395.45,"Other",1994,65.5,124,0
2.05,5,5023.42,"Other",2015,67.38,122,2
2.08,3,10208,"Buisness",1988,64.47,121,0
2.09,1,11791.62,"Professional",1991,68.88,126,3
2.21,33,9784.02,"STEM",1964,70.04,121,1
2.26,4,11776.29,"Professional",1977,66.7,121,2
1.54,40,10138.14,"Humanities",1972,70.39,121,2
3.15,7,9685.04,"STEM",1983,64.06,123,4
1.9,42,6766.8,"Other",1974,66.27,120,0
3,55,8034.26,"Other",2011,65.52,121,0
2.02,18,9798,"Buisness",1965,69.09,124,0
1.89,7,10186.72,"Humanities",1996,67.74,121,1
3.05,12,9700.53,"STEM",1985,64.55,123,2
2.33,0,9789.04,"STEM",1983,63.53,120,1
2.35,3,11774.53,"Professional",2005,68,123,2
2.35,7,13254.16,"Vocational",1969,66.54,123,0
2.38,0,13211.87,"Vocational",1978,68.73,121,0
2.55,24,10258.81,"Humanities",1986,67.63,120,0
3.15,9,13306.25,"Vocational",2012,71.69,121,0
2,4,10211.9,"Humanities",1967,65.12,122,3
2.27,6,9773,"Buisness",2015,71.14,120,0
2.41,3,13241.39,"Vocational",2006,70.12,121,0
1.94,0,13183.97,"Vocational",1985,71,123,0
2.52,15,10252,"Buisness",2008,67.82,121,3
1.97,61,9801.51,"STEM",1993,66.83,120,0
2.9,62,13284.5,"Vocational",2001,70.58,123,1
2.92,19,11690.29,"Professional",1963,67.93,122,0
2.61,1,9738.95,"STEM",1975,65.07,124,1
3.24,12,11677.8,"Professional",1962,67.61,122,4
1.94,37,10198.2,"Humanities",1980,68.42,120,0
2.85,19,11721.56,"Professional",2005,66.95,126,0
2.42,21,10256.53,"Humanities",1972,68.28,124,0
2.01,11,10216.27,"Humanities",1961,68.3,123,1
3.06,13,11696.38,"Professional",1993,66.87,125,1
2.8,16,11730.87,"Professional",2014,70.6,121,0
2.3,15,9758.97,"STEM",1991,69.09,123,3
1.82,59,9808.02,"STEM",1988,66.05,124,2
2.88,18,13279.62,"Vocational",1997,69.14,120,0
2.73,19,10273,"Buisness",1974,67.07,122,1
2.12,11,10212,"Humanities",1992,68.05,123,0
2.5,0,13250.45,"Vocational",1980,70.25,121,0
2.97,14,13295.98,"Vocational",2007,64.7,123,2
2.13,8,9796.42,"STEM",1995,67.79,121,2
2.28,5,10240.3,"Humanities",2008,68.03,123,0
3.08,7,9692,"Buisness",1969,69.58,122,1
2.13,30,9779.61,"STEM",1963,71.23,122,1
2.08,13,10208,"Buisness",2008,65.8,121,1
2.92,3,9714.9,"STEM",1974,67.18,122,1
1.93,14,9820.57,"STEM",1967,67.84,123,0
2.35,65,10237.84,"Humanities",1966,70.55,124,3
2.24,10,9775.39,"STEM",1994,70.12,121,1
2.78,4,13286.44,"Vocational",1977,69.58,125,1
2.53,0,9747,"Buisness",1961,67.36,123,1
2.82,7,10282,"Buisness",2006,68.9,122,0
2.38,57,13240.77,"Vocational",1978,70.57,121,3
2.36,23,11759.8,"Professional",1980,65.34,121,1
2.76,10,9718.22,"STEM",2002,69.13,121,0
2.46,39,13253.22,"Vocational",2007,67.5,120,0
3.13,5,10307.23,"Humanities",1991,65.6,121,0
2.6,1,13249.73,"Vocational",1961,69.75,121,0
2.58,75,13245.29,"Vocational",1964,69.18,122,1
3.06,45,9689.49,"STEM",1994,66.67,120,0
2.62,76,10257.89,"Humanities",1999,66.21,122,1
2.05,32,9795,"Buisness",1993,65.9,121,0
3,16,9683.87,"STEM",1997,70.28,120,1
3.53,4,9660.13,"STEM",1974,68.85,122,1
1.99,6,10199,"Buisness",1962,70.02,121,1
3.15,3,10309.88,"Humanities",2005,68.45,124,1
2.74,27,5747.81,"Other",1966,67.03,120,1
2.73,32,13282.22,"Vocational",1989,63.9,123,1
2.23,3,11777.15,"Professional",1984,69.75,123,0
1.5,11,11828.23,"Professional",1995,69.83,124,1
2.16,52,11781.31,"Professional",2003,65.29,123,0
2.86,20,10280.9,"Humanities",1981,71.43,123,1
2.49,23,11752.93,"Professional",1998,69.35,124,0
1.89,20,13202.43,"Vocational",1980,67.82,122,0
2.46,8,11761.7,"Professional",1965,70.51,122,2
2.01,1,10201,"Buisness",1980,69.74,120,1
2.78,9,10278,"Buisness",1992,66.72,122,0
2.5,62,13234.78,"Vocational",2013,67.26,124,0
3.04,15,9696,"Buisness",1999,66.64,121,0
2.33,6,9767,"Buisness",2013,67.96,121,0
2.44,18,13248.62,"Vocational",1998,66.77,120,2
1.83,31,13180.31,"Vocational",1967,65.39,121,1
2.79,36,11717.13,"Professional",1967,67.85,122,1
3.01,16,10301,"Buisness",1964,66.48,124,1
2.44,15,11743.44,"Professional",1995,68.35,126,1
3.01,17,10298.01,"Humanities",1962,67.03,121,1
2.5,6,5044.61,"Other",2009,66.91,120,2
3.2,28,9688.12,"STEM",1993,66.79,120,0
1.99,35,9801.43,"STEM",1986,62.99,122,0
2.54,14,10244.42,"Humanities",1968,68.73,125,0
2.97,9,10286.57,"Humanities",2006,63.72,122,0
1.94,9,10179.98,"Humanities",1972,71.16,127,0
2.44,24,10245.3,"Humanities",2008,71.92,122,1
3.21,18,9692.84,"STEM",1995,69.13,121,0
2.56,21,13251.1,"Vocational",1975,67.54,122,1
2.07,10,13220.18,"Vocational",1969,68.48,120,0
2.14,2,9783.41,"STEM",1976,68.53,121,0
2.6,32,9740,"Buisness",1979,69.75,122,1
3.18,12,13322.84,"Vocational",1991,71.84,120,0
2.56,21,10254.82,"Humanities",2014,65.69,126,0
2.42,7,10232.42,"Humanities",2005,69.04,122,1
2.01,11,10200.76,"Humanities",1967,67.45,124,2
2.96,19,13303.4,"Vocational",1998,70.08,121,2
2.17,7,13211.23,"Vocational",1997,68.18,120,0
2.61,12,5137.37,"Other",2005,69.58,121,0
1.63,12,13163.46,"Vocational",1994,72.26,127,0
2.74,11,9715.18,"STEM",2000,65.51,121,2
2.54,51,7600.86,"Other",1962,67.68,122,0
2.85,27,5716.03,"Other",1988,68.47,121,1
2.99,15,10296.19,"Humanities",2008,69.18,122,0
2.64,7,10270.43,"Humanities",2000,69.11,122,0
2.65,11,10272.58,"Humanities",1984,67.09,121,1
2.53,27,10253,"Buisness",1972,68.07,121,0
3.04,10,10293.73,"Humanities",1962,66.41,122,0
3.02,65,9714.36,"STEM",1962,68.58,121,1
2.59,29,10241.33,"Humanities",1973,68.33,120,0
2.55,22,10255,"Buisness",2014,65.97,122,3
2.04,30,13194.91,"Vocational",1975,71.79,121,1
3.1,3,9707.36,"STEM",2009,68.3,122,1
1.88,6,13173.35,"Vocational",1988,65.73,126,1
2.69,89,13281.2,"Vocational",1965,69.73,121,1
1.95,52,10192.84,"Humanities",1976,69.19,123,1
2.47,7,10241.09,"Humanities",1992,69.38,121,3
2.47,3,9757.52,"STEM",2003,65.96,121,0
2.35,1,11765.49,"Professional",1998,70.59,125,0
3.03,10,5092.64,"Other",1968,68.95,121,0
2.24,6,13222.57,"Vocational",1964,68.61,121,1
2.45,18,10240.12,"Humanities",2004,71.13,120,1
2.03,4,9797.85,"STEM",1997,67.77,122,1
2.76,2,10280.77,"Humanities",1967,70.6,124,1
2.78,11,9717.63,"STEM",1967,68.53,121,3
2.18,14,10227.28,"Humanities",2013,69.63,121,3
3.63,3,4999.16,"Other",1979,68.18,122,1
2.24,5,9785.11,"STEM",1993,65.36,120,0
3.49,7,13354.85,"Vocational",1986,67.96,120,1
2.89,1,11705,"Professional",1981,69.62,121,2
2.69,15,5239.02,"Other",1978,71.28,120,0
2.52,48,9763,"STEM",1977,62.2,121,1
2.46,8,13265.26,"Vocational",1990,68.26,122,2
3.18,12,13334.59,"Vocational",2013,70.9,120,0
2.76,0,11704.95,"Professional",1978,66.44,121,1
2.41,25,10241,"Buisness",2004,67.79,121,2
1.62,1,13171.93,"Vocational",2009,66.69,121,4
3.36,45,9665.47,"STEM",1980,72.67,124,1
3.39,3,13334.93,"Vocational",2011,66.61,120,0
2.42,1,9773.04,"STEM",2009,68.15,122,0
2.2,48,13228.57,"Vocational",1981,72.69,126,0
2.32,2,11772.36,"Professional",2009,69.23,123,1
2.83,15,5223.84,"Other",2011,69.97,122,2
1.56,4,13155.81,"Vocational",1986,71.81,123,1
2.21,9,9781.49,"STEM",1996,66.44,120,1
2.73,3,13276,"Vocational",1967,65.33,121,2
3.26,1,9674.85,"STEM",1981,66,120,6
2.24,5,9766.08,"STEM",1975,67.24,122,0
3.29,9,13317.92,"Vocational",1962,62.99,121,1
2.17,8,11802.11,"Professional",1963,69.11,126,0
2.25,64,13225.91,"Vocational",1974,67.59,121,1
2.16,6,9790.47,"STEM",1973,70.97,121,1
1.96,17,9802.52,"STEM",1975,68.65,123,0
2.72,21,9725.33,"STEM",2000,66.74,124,1
2.51,43,10247.1,"Humanities",1995,64.99,123,0
1.93,47,9795.59,"STEM",2004,69.25,122,1
1.71,68,11827.85,"Professional",2001,70.23,120,0
3.12,6,13327.37,"Vocational",2010,67.88,122,0
2.31,29,10231,"Buisness",2010,67.14,121,3
2.16,68,9784.07,"STEM",1980,65.01,120,0
2.07,34,13195.99,"Vocational",1965,69.01,123,1
2.71,13,13264.94,"Vocational",2006,65.49,120,1
2.88,14,11710.85,"Professional",1977,67.01,121,2
2.62,3,10272.74,"Humanities",1966,67.54,120,1
3.09,2,9667.12,"STEM",2015,68.48,120,0
2.18,19,10215.06,"Humanities",1981,71.7,122,1
2.4,36,10239.87,"Humanities",1981,67.84,122,0
2.5,1,13248.51,"Vocational",2010,69.98,128,1
1.55,15,10156.7,"Humanities",2012,66.45,120,1
2.46,5,5028.76,"Other",1968,68.76,120,1
2.48,54,10247.24,"Humanities",1970,65.77,121,2
2.67,4,9746.59,"STEM",1973,66.16,123,1
2.48,34,10252.32,"Humanities",1974,67.35,128,0
2.3,13,10233.72,"Humanities",1995,67.11,122,0
2.99,6,9694.79,"STEM",1962,69.33,134,1
3.11,4,11680.93,"Professional",2013,70.8,123,0
2.05,24,9798.04,"STEM",1987,63.25,123,1
2.84,34,13286.05,"Vocational",1973,68.68,121,0
2.59,19,13256.04,"Vocational",1961,67.63,121,1
2.18,29,10225.71,"Humanities",2007,67.28,120,1
1.84,9,9822.01,"STEM",1995,68.16,124,0
2.61,6,10271.38,"Humanities",2000,66.97,120,0
2.72,33,10256.24,"Humanities",2002,69.86,120,1
2.5,2,13252.35,"Vocational",2014,68.57,121,0
3.53,17,10351.98,"Humanities",1966,68.28,121,1
1.58,25,10158,"Buisness",1992,66.64,124,1
2.11,5,10214.01,"Humanities",1970,69.35,120,1
2.24,12,9754.85,"STEM",1975,66.74,120,1
1.6,8,10164.9,"Humanities",2012,65.23,120,1
2.61,9,11727.66,"Professional",1975,67.62,122,3
2.06,9,13227.2,"Vocational",1971,67.59,120,4
2.52,77,9748,"Buisness",2003,66.93,121,0
1.92,45,10192,"Buisness",2002,66.36,121,2
2.96,17,9704,"Buisness",2007,67.14,122,0
2.46,2,10246,"Buisness",1998,70.24,120,1
1.82,48,7310.08,"Other",1969,68.44,122,1
2.19,47,10207.87,"Humanities",1997,67.77,134,1
2.17,18,10219.17,"Humanities",1963,68.02,123,1
2.48,37,13242.68,"Vocational",2013,64.85,120,2
2.38,35,10256.04,"Humanities",1961,71.77,122,0
2.58,28,10261.91,"Humanities",2013,66.97,120,0
2.09,34,10209,"Buisness",1962,67.6,121,0
2.84,10,11722.74,"Professional",1973,68.65,121,1
3.01,11,11711.68,"Professional",2000,68.34,123,1
3.41,33,9654.85,"STEM",1988,65.82,124,1
2.65,15,13271.13,"Vocational",1985,70.84,121,1
2.56,5,9719.41,"STEM",2004,68.08,122,2
2.27,46,9788.89,"STEM",1967,69.58,121,1
2.34,53,7798.75,"Other",1991,70.84,121,2
3.22,18,11672.86,"Professional",1984,65.94,120,1
2.27,1,13222.84,"Vocational",1992,67.77,121,1
2.66,16,10259.66,"Humanities",1966,68.5,120,2
3.4,36,13331.39,"Vocational",2003,70.87,124,2
2.61,7,10255.27,"Humanities",2007,68.83,122,0
2.06,0,11790.32,"Professional",1996,69.95,120,2
3.7,26,13374.47,"Vocational",2002,69.83,120,1
3,23,13294.45,"Vocational",2013,68.67,120,1
3.03,27,13311.94,"Vocational",2007,65.8,121,2
2.87,11,13293.17,"Vocational",2000,70.08,121,1
2.28,2,13233.62,"Vocational",1987,66.42,124,0
2.5,19,9740.03,"STEM",1977,66.47,122,1
2.24,8,13213.32,"Vocational",2003,69.46,121,1
3.16,10,10316,"Buisness",1976,67.47,123,3
2.47,4,11745.41,"Professional",2002,65.94,134,2
2.96,27,9704,"Buisness",2011,67.03,121,0
2.89,31,13275.46,"Vocational",1988,71.11,121,1
2.67,18,9735.57,"STEM",2005,70.52,121,1
2.26,0,9767.43,"STEM",1981,69.48,121,1
2.21,48,13227.32,"Vocational",1989,70.01,122,0
2.56,48,11746.49,"Professional",1969,67.31,123,0
2.34,19,5343.39,"Other",1993,65.72,121,2
1.88,10,9808.38,"STEM",2006,66.76,120,3
2.27,27,10243.26,"Humanities",1969,67.39,123,1
3.3,9,10319.03,"Humanities",1994,68.69,122,0
3.21,35,13325.53,"Vocational",1972,68.27,122,1
1.82,29,13167.53,"Vocational",1985,66.39,121,1
2.72,7,13282.44,"Vocational",2000,68.08,121,0
2.69,7,10253.45,"Humanities",1996,72.55,126,2
2.84,27,13288.08,"Vocational",1979,69.93,120,0
2.32,9,10235.54,"Humanities",1963,67.38,123,1
2.53,55,10265.02,"Humanities",1966,70.72,121,1
2.3,8,13214.75,"Vocational",1975,65.31,123,2
2.38,6,9762.32,"STEM",1999,68.53,121,1
2.2,25,10232.94,"Humanities",1976,70.44,122,0
2.2,16,5245.23,"Other",1980,70.32,122,2
2.63,17,13267.74,"Vocational",1968,69.62,121,1
2.73,61,9738.02,"STEM",2007,71.04,121,0
2.17,12,13227.94,"Vocational",1987,72.16,122,0
3.22,7,9672.42,"STEM",2001,70.8,121,0
2.01,2,11800.01,"Professional",1973,67.54,125,1
2.5,40,11731.37,"Professional",1986,71.18,122,0
2.51,17,9742.15,"STEM",1971,66.33,124,1
2.02,24,10202,"Buisness",1962,64.34,121,0
2.47,35,6238.32,"Other",2000,67.07,121,0
2.61,1,9730.76,"STEM",1969,67.42,124,0
2.9,102,11727.98,"Professional",2007,67.47,125,0
2.2,8,9775.79,"STEM",1995,69.61,120,1
2.76,18,9728.93,"STEM",1978,70.39,120,1
2,4,11809.25,"Professional",1988,66.96,127,1
2.35,15,5224.02,"Other",2000,71.15,122,1
1.69,10,13171.55,"Vocational",1980,65.3,120,2
2.32,83,11761.31,"Professional",1993,68.83,121,0
3.49,14,9662.66,"STEM",1969,68.04,121,1
2.3,11,10230,"Buisness",1972,67.14,123,0
3.36,1,13340.46,"Vocational",1990,66.85,121,0
2.83,24,13269.51,"Vocational",1995,69.1,121,1
2.37,1,9765.83,"STEM",2006,68.32,122,1
1.86,7,9817.23,"STEM",1985,68.55,121,0
3.23,1,11680.78,"Professional",1993,67.59,121,1
2.01,40,11787.65,"Professional",2013,69.89,127,0
3.06,7,9710.1,"STEM",1971,68.84,122,0
2.24,62,9767.64,"STEM",1980,69.53,121,1
3.17,29,11685.65,"Professional",2002,66.76,125,0
2.16,20,9791.72,"STEM",1974,68.58,125,0
2.46,2,5005.68,"Other",1974,67.39,123,0
2.41,25,5639.14,"Other",2003,68.38,122,0
1.63,38,11832.48,"Professional",1975,70.46,129,1
2.76,16,13259.45,"Vocational",1961,67.79,121,0
2.23,28,9779.07,"STEM",2012,68.2,126,1
3.22,8,13320.96,"Vocational",1969,68.93,120,0
2.85,20,10284.07,"Humanities",1980,68.2,121,1
2.66,47,11737.14,"Professional",2010,68.41,120,1
1.84,11,9811.07,"STEM",1961,68.06,123,0
2.57,18,10262.01,"Humanities",1974,69.79,124,1
3.01,19,9703.57,"STEM",1971,69.52,120,1
2.4,42,6761.39,"Other",1967,65.61,121,0
1.99,29,5840.25,"Other",1978,67.93,120,0
3.51,11,9648.13,"STEM",1972,70.47,122,0
2.17,47,13227.54,"Vocational",1964,69.08,121,0
2.57,14,10278.17,"Humanities",2015,68.52,121,1
2.75,2,9702.87,"STEM",2012,66.12,123,3
2.44,53,13255.98,"Vocational",2014,70.62,123,1
2.3,12,10230,"Buisness",1964,66.9,121,2
2.16,6,9766.9,"STEM",2004,66.09,123,1
2.79,13,11727.52,"Professional",1997,67.53,120,0
2.53,4,9754.29,"STEM",1976,70.95,121,2
3.09,10,5099.76,"Other",1994,67.17,121,0
2.85,4,13266.88,"Vocational",1971,65.71,120,0
2.4,25,9757.58,"STEM",1994,67.91,121,0
3.24,12,13335.44,"Vocational",1967,67.8,120,0
2.03,5,9795.97,"STEM",2009,67.61,121,1
2.74,49,13274.25,"Vocational",1965,66.26,121,2
2.19,8,10211.24,"Humanities",1976,72.36,123,3
2.27,28,11770.82,"Professional",1992,69.57,120,0
1.89,9,5073.13,"Other",2006,64.79,122,0
2.19,6,11785.64,"Professional",1967,66.58,124,1
3.09,27,11699.32,"Professional",1976,68.71,123,1
3.17,65,9683,"Buisness",2003,65.74,120,0
2.76,12,9724,"STEM",1986,68.72,121,0
2.36,51,10254.33,"Humanities",1984,66.5,123,0
2.45,0,4997.8,"Other",1988,68.52,120,0
2.39,1,11760.46,"Professional",1980,69.38,123,0
3.05,5,11712.23,"Professional",2012,71.01,120,0
2.91,1,10307.73,"Humanities",1989,68.03,122,1
1.75,12,11827.39,"Professional",1963,68.01,121,3
2.59,8,10268.64,"Humanities",1973,67.15,120,0
1.59,5,13156.08,"Vocational",1983,66.54,122,1
2.42,92,10238.61,"Humanities",1990,67.67,129,2
2.32,7,13229.93,"Vocational",1998,66.49,121,0
2.78,8,11715.62,"Professional",1987,71.29,121,0
2.4,11,11775.03,"Professional",1985,65.86,122,0
2.88,28,9707.72,"STEM",2005,68.17,120,2
2.74,21,13254.04,"Vocational",1981,66.27,123,0
2.36,36,11757.38,"Professional",1976,69.94,121,3
2.27,11,11794.95,"Professional",1977,68.39,120,1
3.03,37,10315.36,"Humanities",1964,69.47,122,4
2.27,16,11765.59,"Professional",1988,69.74,123,3
1.52,45,13172.62,"Vocational",1972,67.76,120,1
2.49,17,13254.11,"Vocational",2005,67.41,122,0
2.39,17,9761,"Buisness",1961,68.98,121,0
1.89,70,10190.89,"Humanities",1968,66.63,121,2
2.67,2,13270.82,"Vocational",2003,71.69,125,0
2.27,17,9790.59,"STEM",1963,67.42,121,2
1.97,2,13197.46,"Vocational",1964,67.51,121,1
2.48,18,13238.07,"Vocational",1969,68.9,126,0
2.54,33,11759.01,"Professional",1998,66.89,122,1
2.12,75,13214.94,"Vocational",2005,69.73,121,1
1.64,6,10169.61,"Humanities",1975,66.09,122,1
1.89,5,9823.63,"STEM",1992,68.66,121,0
2.48,7,10248,"Buisness",1976,65.99,121,0
2.51,14,5175.49,"Other",1993,67.09,120,1
2.59,22,13247.94,"Vocational",1997,68.05,122,0
2.61,25,13267.44,"Vocational",1970,70.64,132,2
2.31,49,7409.71,"Other",1962,69.47,125,0
3,9,9700,"Buisness",2001,67.19,124,0
2.14,18,9799.56,"STEM",1981,66.64,120,0
2.71,6,11741.16,"Professional",2005,66.13,120,2
2.83,5,13270.97,"Vocational",2004,70.16,121,0
1.41,9,9859,"Buisness",1965,66.81,122,1
1.97,18,9804.32,"STEM",1992,69.89,122,0
2.86,6,13287.75,"Vocational",1969,68.93,122,1
2.33,16,13235.57,"Vocational",1990,70.09,123,1
3.16,24,9684,"Buisness",1973,70.77,121,1
2.5,23,11730.66,"Professional",1991,66.3,122,1
2.28,21,11763.02,"Professional",2010,69.1,120,1
2.06,3,10209.82,"Humanities",1997,68.87,121,0
3.06,6,9689.89,"STEM",2013,68.77,129,0
1.98,24,11795.48,"Professional",1977,67.57,120,1
2.26,16,10223.66,"Humanities",1986,66.6,121,1
2,3,9793.95,"STEM",2013,70.68,124,2
1.93,14,10193,"Buisness",2000,66.29,120,2
1.74,9,13182.62,"Vocational",2010,69.32,121,1
2.25,5,13228.6,"Vocational",1979,64.56,122,2
1.42,68,9867.13,"STEM",1998,68.11,122,0
3.43,26,10344.97,"Humanities",1990,67.01,122,1
2.15,28,9789.32,"STEM",1995,68.49,124,1
3.12,10,13295.45,"Vocational",1983,67.44,122,1
1.98,11,13201.78,"Vocational",2009,62.6,121,1
2.19,23,11772.33,"Professional",1984,66.61,122,2
1.48,4,11873.91,"Professional",1970,63.99,120,1
2.87,13,9714.92,"STEM",1966,65.86,121,0
2.55,1,9750.99,"STEM",1963,67.19,120,1
3.26,46,10315.28,"Humanities",1996,69.01,121,0
2.39,6,13253.42,"Vocational",2005,63.68,121,0
2.27,38,10218.81,"Humanities",2014,69.84,125,0
3.18,20,11695.17,"Professional",1987,68.28,127,0
3.1,1,9702.87,"STEM",2001,66.43,120,1
2.64,12,10272.34,"Humanities",2009,66,122,2
2.84,24,11715.11,"Professional",2001,65.41,123,0
2.02,0,5007.06,"Other",1979,67.72,126,0
2.51,13,11740.01,"Professional",2008,66.35,120,1
3.2,3,9700.67,"STEM",1978,69.91,125,3
2.02,16,10205.47,"Humanities",1962,69.25,120,0
1.93,4,5008.38,"Other",1973,66.74,121,0
2.92,26,13297.62,"Vocational",2012,67.53,120,0
2.26,31,5967.02,"Other",2008,65.95,123,1
2.34,21,10227.38,"Humanities",1971,67.26,121,0
2.58,32,9737.47,"STEM",2012,69.8,122,1
2.15,16,9789.61,"STEM",2011,65.03,121,2
2.58,84,12044.66,"Other",2002,68.81,127,2
3.24,15,11679.53,"Professional",1980,61.34,120,2
1.41,31,13138.41,"Vocational",1999,63.17,121,0
2.27,26,13226.28,"Vocational",1976,65.18,120,0
2.05,22,10193.58,"Humanities",2004,67.73,122,2
2.56,3,10256,"Buisness",1990,66.43,122,1
1.57,9,13137.87,"Vocational",1981,68.53,121,0
2.75,33,9744.23,"STEM",1964,69.26,124,2
2.39,63,13231.6,"Vocational",2004,70.03,122,2
2.42,29,11762.52,"Professional",2014,69.74,123,0
2.43,1,11781.89,"Professional",1986,64.35,122,1
2.32,27,13226.76,"Vocational",1964,67.74,121,3
2.52,8,9759.79,"STEM",1987,65.71,121,0
2.24,60,8619.83,"Other",2007,64.8,121,0
2.16,9,9779.72,"STEM",2014,66.74,120,0
2.31,6,5046.15,"Other",1964,64.62,121,2
3,9,10300,"Buisness",1990,70.58,120,0
2.02,9,5087.44,"Other",2011,63.34,122,2
2.5,19,11773.81,"Professional",1962,69.45,121,2
2.55,3,10250.67,"Humanities",1966,68.18,121,1
2.06,0,9794,"Buisness",1961,70.87,125,0
2.61,4,10276.5,"Humanities",1962,69.52,121,1
2.22,8,11790.42,"Professional",2004,67.69,122,2
1.75,37,13182.42,"Vocational",1991,67.87,121,1
2.55,22,11739.9,"Professional",1994,67.97,122,0
2.49,27,9751.41,"STEM",1983,68.36,120,0
2.51,2,5009.27,"Other",1961,63.88,120,1
2.82,64,13286.46,"Vocational",1995,73.02,120,0
2.56,4,13262.17,"Vocational",1964,69.86,120,1
2.69,9,13278.57,"Vocational",1967,71.72,122,1
1.71,7,9828.02,"STEM",1971,67.91,120,1
2.68,17,13258.05,"Vocational",2013,67.51,121,1
2.79,2,10269.01,"Humanities",1990,67.94,120,0
1.98,16,10210.55,"Humanities",1970,67.57,120,1
2.48,25,10235.59,"Humanities",1983,69.15,120,1
2.55,14,9745,"Buisness",1969,67.9,121,1
2.9,4,10293,"Humanities",2014,69.3,123,0
3.06,1,13306.63,"Vocational",2004,67.17,122,0
2.81,34,9719,"Buisness",2011,68.49,120,3
2.78,19,13284.96,"Vocational",1979,66.99,126,1
3.41,30,11668.07,"Professional",1969,67.85,120,5
2.57,10,13240.84,"Vocational",1973,69.04,123,0
3.08,10,5109.92,"Other",1995,70.19,120,1
3.18,5,5001.04,"Other",1980,67.53,121,1
1.95,30,11787.17,"Professional",1996,66.45,120,3
2.4,10,11757.59,"Professional",1998,69.51,121,3
2.65,48,13277.34,"Vocational",1970,68.26,124,0
2.78,34,10281.11,"Humanities",1990,68.78,120,0
2.82,14,11729.66,"Professional",1970,70.12,122,1
2.46,1,11754.44,"Professional",1988,69.02,120,1
2.52,1,4991.74,"Other",1987,63.92,120,0
2.11,24,9792.47,"STEM",1985,67.53,121,1
2.41,19,10227.23,"Humanities",1976,65.45,121,2
2.19,35,11774.18,"Professional",2015,66.8,123,0
1.92,28,11823.59,"Professional",1961,71.38,121,0
2.61,9,11723.51,"Professional",1986,68.59,122,0
1.81,28,13178.97,"Vocational",1998,68.41,121,1
2.28,10,10210.82,"Humanities",1979,67.19,122,2
2.87,34,9722.61,"STEM",2002,65.61,120,2
2.52,37,6364.09,"Other",1976,67.42,121,1
2.33,24,11741.85,"Professional",2009,69.65,121,0
2.57,1,11757.89,"Professional",1993,66.65,123,0
3.3,4,13318.99,"Vocational",1966,68.61,122,3
1.75,15,9810.93,"STEM",1993,72.67,121,1
2.48,3,10236.14,"Humanities",2006,66.15,123,1
2.8,3,9723.99,"STEM",1986,66.2,120,1
1.64,43,10172.53,"Humanities",2011,67.92,128,1
2.1,6,11792.53,"Professional",2008,67.94,121,0
2.8,15,13284.41,"Vocational",1977,65.91,121,1
1.56,108,9846.41,"STEM",1966,69.54,122,0
3.64,1,11647.44,"Professional",1970,68.17,120,1
2.34,5,9768.52,"STEM",2007,70.07,123,0
2.63,30,5888.83,"Other",2015,67.28,124,0
2.23,28,10223,"Buisness",1962,68.45,121,2
2.51,2,9744.15,"STEM",2001,68.06,121,0
3.54,24,11671.61,"Professional",1965,69.58,122,0
2.27,43,10240.78,"Humanities",1980,67.68,120,0
2.59,16,5267.97,"Other",2004,67.07,122,2
2.43,18,11767.07,"Professional",1973,69.87,125,0
1.88,6,9819.15,"STEM",1981,63.54,123,0
3.21,40,10334.88,"Humanities",2015,70.67,121,0
2.34,15,11778.4,"Professional",1980,68.33,121,2
2.65,22,10262.96,"Humanities",1972,69.72,121,1
2.92,8,10293.32,"Humanities",2012,69.59,122,0
2.29,16,11761.58,"Professional",1999,69.4,120,1
2.88,9,10282.71,"Humanities",1975,68.15,121,2
1.47,4,10148.44,"Humanities",1993,66.71,125,2
2.47,19,11741.54,"Professional",1969,68.77,122,1
1.96,6,9810.82,"STEM",1985,69.08,121,0
2.18,5,11780.96,"Professional",1998,63.64,122,0
2.4,1,10235.97,"Humanities",2007,64.83,122,1
2.55,3,11731.15,"Professional",1984,67.39,123,0
2.35,19,11770.84,"Professional",1963,66.87,124,0
2.77,1,11724.63,"Professional",1996,64.49,124,1
3.18,8,11677.39,"Professional",1961,64.88,121,0
2.56,8,10256,"Buisness",1980,66.66,121,0
2.5,5,11746.21,"Professional",1977,62.69,120,1
2.08,15,10210.55,"Humanities",1996,67.83,120,0
2.17,7,11780.77,"Professional",1992,64.14,122,1
2.09,7,9791,"Buisness",2005,65.64,120,1
1.7,14,13170.51,"Vocational",2003,67.27,121,2
3.11,19,11682.28,"Professional",1981,65.48,125,0
2.24,9,11786.12,"Professional",2001,71.03,122,2
1.68,17,5303.49,"Other",2013,69.81,123,1
2.25,19,5347.31,"Other",1978,65.77,120,1
2.39,39,13231.16,"Vocational",1980,69.35,122,1
2.32,22,9777.29,"STEM",2015,69.57,122,2
2.59,16,5259.88,"Other",2014,65.2,123,0
1.95,24,11791.24,"Professional",1966,67.04,121,3
2.1,5,13237.74,"Vocational",1981,68.44,120,2
2.06,14,13195.27,"Vocational",1973,69.03,122,0
2.78,1,9731.86,"STEM",1989,70.64,121,1
2.13,63,10200,"Humanities",1972,65.33,125,3
2.37,35,13238.91,"Vocational",1967,70.37,123,0
3.2,12,9680,"Buisness",1995,68.99,123,1
2.18,21,13206.39,"Vocational",1987,67.13,121,2
2.54,2,10254,"Buisness",1978,69.74,121,1
2.21,50,13220.54,"Vocational",2008,67.75,125,2
2.32,21,9770.97,"STEM",1986,69.11,120,3
2.91,3,13290.05,"Vocational",1962,69.87,120,0
2.95,2,4999.64,"Other",1989,65.63,121,0
2.52,4,9759.18,"STEM",1984,64.35,123,1
1.76,71,10179.58,"Humanities",2000,67.93,122,0
2.72,57,10267.08,"Humanities",1976,70.24,127,1
2.45,4,13257.58,"Vocational",1987,67.78,120,1
2.57,19,10267.41,"Humanities",1966,71.57,122,0
1.93,61,9807,"Buisness",2015,69.14,122,0
2.52,41,11735.99,"Professional",2001,69.1,120,1
2.6,8,9740,"Buisness",1969,69.14,120,0
1.8,22,10187.53,"Humanities",1968,67.66,122,2
2.68,15,10280.23,"Humanities",1962,68.78,124,1
2.88,58,9722.81,"STEM",2012,68.08,122,0
2.25,6,9779.39,"STEM",1996,66.4,121,1
3.34,0,13354.64,"Vocational",1973,67.63,123,1
2.01,7,9816.86,"STEM",1962,68.86,121,2
2.38,2,11757.16,"Professional",1990,69.13,120,1
2.43,37,11761.08,"Professional",2013,68.35,127,1
2.75,10,13264.13,"Vocational",1979,68,123,2
2.24,3,11775.98,"Professional",1973,65.43,120,0
2.32,21,13234.74,"Vocational",1984,67.74,120,0
2.42,14,13228.49,"Vocational",1967,69.48,121,0
2.61,58,9739,"Buisness",1979,67.16,123,1
2.65,13,10261.89,"Humanities",2009,65.24,125,1
2.44,39,10256.86,"Humanities",2004,69.08,121,1
2.27,7,9773,"Buisness",2011,70.01,124,1
2.33,7,9760.88,"STEM",1983,66.9,123,1
3.14,1,9696.27,"STEM",1995,68.42,121,0
2.75,28,13256.06,"Vocational",1991,68.24,124,6
2.01,18,9796.72,"STEM",1996,68.87,121,1
2.26,29,10242.65,"Humanities",1961,63.41,121,1
1.71,12,5136.02,"Other",1999,69.26,120,1
2.21,1,9772.73,"STEM",1968,64.64,120,1
1.97,16,9813.44,"STEM",2001,68.21,121,1
1.99,11,10201.43,"Humanities",2000,65.48,125,0
2.41,7,13259.28,"Vocational",1998,66.64,121,1
2.82,19,11721.78,"Professional",1964,69.93,120,1
2.21,0,13243.57,"Vocational",1970,65.66,121,1
2.33,60,11765.89,"Professional",2000,67.94,120,1
3.44,4,10341.37,"Humanities",1995,72.38,121,0
2.28,16,5254.29,"Other",1979,68.55,120,0
2.5,1,13246.77,"Vocational",2001,72.94,124,2
2.22,11,13227.11,"Vocational",1969,68.91,123,1
2.88,25,11717.83,"Professional",1994,67.19,122,0
2.45,19,9743.34,"STEM",1979,67.78,121,1
3.54,26,13357.51,"Vocational",1994,69.01,125,2
2.16,26,11797.28,"Professional",1993,65.27,123,0
2.38,40,10232.93,"Humanities",1971,67.5,122,0
3.18,33,11680.4,"Professional",2000,68.9,125,1
2.43,17,11738.52,"Professional",1967,67.82,123,3
3.42,18,13365.57,"Vocational",1975,69.35,121,1
2.56,34,10271.9,"Humanities",1980,66.37,123,1
2.62,45,9738.2,"STEM",1970,66.35,125,1
2.36,4,9743.22,"STEM",2008,64.15,120,2
3.37,41,10339.08,"Humanities",1971,68.21,123,1
2.69,6,9731,"Buisness",1963,68.4,122,0
2.4,48,13247.94,"Vocational",1987,68.84,121,0
2.56,35,13271.86,"Vocational",1969,69.59,121,3
2.21,4,13204.29,"Vocational",1986,68.34,121,0
2.66,2,13281.23,"Vocational",1968,62.17,122,1
3.24,3,9656.92,"STEM",2006,67.97,122,1
2.44,5,5028.37,"Other",1981,66.82,122,2
2.24,1,13211.89,"Vocational",2005,66.68,120,0
2.61,15,10270.5,"Humanities",1965,64.69,120,1
2.83,63,13260.94,"Vocational",1967,65.74,122,0
2.96,5,5037.4,"Other",1973,68.06,121,2
2.52,37,9759.32,"STEM",1985,66.05,123,1
2.26,7,11773.59,"Professional",1979,70.91,121,1
1.85,3,9810.77,"STEM",2013,67.17,133,0
2.82,13,10293.65,"Humanities",2002,67.01,121,2
1.82,22,5486.94,"Other",1977,66.53,121,1
2.37,42,13232.73,"Vocational",2007,69.13,128,0
2.35,5,9762.62,"STEM",2009,67.3,124,3
2.63,19,9739.58,"STEM",2009,67.92,121,0
2.55,0,13244.03,"Vocational",1974,66.56,123,1
2.65,39,9739.55,"STEM",1993,67.81,121,0
1.31,2,13139.69,"Vocational",1972,70.1,121,1
2.79,8,13288.48,"Vocational",2008,65.02,121,2
2.81,15,9719,"STEM",2006,69.33,123,0
2.2,56,10219.03,"Humanities",1984,69.79,123,0
1.78,5,9823.34,"STEM",1987,63.15,120,0
3.11,9,13312.22,"Vocational",1990,68.09,121,1
2.14,2,10226.52,"Humanities",1979,68.7,122,0
2.18,29,11794.54,"Professional",1967,65.9,124,3
2.5,9,10247.62,"Humanities",2015,66.29,121,0
2.57,24,10247.43,"Humanities",2013,68.98,123,1
3.18,6,5040.87,"Other",1968,66.67,124,1
2.35,25,9765,"Buisness",1975,68.29,123,0
2.76,7,5046.76,"Other",1996,66.08,121,0
2.43,9,13251.85,"Vocational",1975,67.67,120,2
2.87,11,13308.14,"Vocational",1978,66.66,123,0
2.67,5,9724.45,"STEM",1986,67.44,121,1
2.08,7,11796.6,"Professional",1976,66.05,121,1
2.36,7,10236,"Buisness",1992,66.36,122,1
2.28,8,10234.72,"Humanities",2014,68.8,121,1
2.56,3,13264.55,"Vocational",2005,69.91,123,4
2.87,10,10280.26,"Humanities",1967,66.37,121,0
2.68,20,5408.81,"Other",1979,69.07,121,0
2.65,10,5100.63,"Other",1985,69.42,123,0
2.32,13,10232,"Buisness",1964,68.63,123,0
2.49,0,10248.62,"Humanities",2010,64.47,120,0
1.98,4,13192.51,"Vocational",1987,66.96,122,1
3.11,21,5446.68,"Other",1987,67.04,121,1
2.7,32,13257.24,"Vocational",1987,67.36,120,2
2.77,4,5010.74,"Other",1996,70.71,122,0
3.1,8,10325.5,"Humanities",1998,68.3,120,1
3.13,23,11687.2,"Professional",1986,68.56,120,1
1.64,8,9830.39,"STEM",1990,70.07,121,3
3.18,5,13318.86,"Vocational",1966,71.52,120,1
2.65,5,13263.53,"Vocational",1986,65.95,124,0
1.89,17,9811,"Buisness",1985,72.48,121,0
3.32,38,9668,"Buisness",1973,67.56,121,0
2.71,25,9732.39,"STEM",1992,67.77,124,1
2.55,28,9745,"Buisness",2015,67.7,121,1
2.92,41,11699.35,"Professional",1979,69.27,126,1
1.98,4,13201.71,"Vocational",1967,68.97,121,0
1.6,2,11851.06,"Professional",1994,68.33,123,0
2.32,14,11777.13,"Professional",1993,67.99,120,1
2.88,9,9719.15,"STEM",1990,65.85,121,0
2.51,28,5788.89,"Other",2013,68.94,121,1
1.9,31,9793.36,"STEM",1992,69.62,120,4
2.51,0,10260.79,"Humanities",1969,67.69,126,0
3.15,29,11691.23,"Professional",2012,73.92,122,0
3.06,3,11693.33,"Professional",1964,67.41,120,1
3.33,9,10341.49,"Humanities",1983,68.57,123,2
2.28,29,10232.82,"Humanities",1970,70.23,126,2
3.25,4,11675.74,"Professional",1997,66.16,121,1
2.75,18,9725,"Buisness",2007,67.65,122,1
2.48,1,10265.35,"Humanities",2015,68.57,121,0
2.84,0,5011.5,"Other",1989,65.14,121,0
3.05,8,10298.66,"Humanities",2005,69.05,120,0
2.64,25,10278.36,"Humanities",2003,64.95,120,0
2.97,7,11697.03,"Professional",2001,66.28,121,1
2.05,24,10184.88,"Humanities",1986,66.29,120,2
2.52,12,10252,"Buisness",1960,66.42,121,1
2.02,10,9805.86,"STEM",1990,69.4,127,2
2.8,55,9720.09,"STEM",1996,70.25,125,1
2.63,9,11737.55,"Professional",1995,69.03,121,1
2.72,7,5066.98,"Other",1964,65.96,123,0
3.32,10,9684.13,"STEM",1991,69.18,121,0
2.37,5,11766.59,"Professional",1988,70.96,120,0
2.55,13,10275.82,"Humanities",1971,70.94,124,1
1.93,13,5166.28,"Other",2007,66.94,122,1
3.52,38,13345.84,"Vocational",1991,66.78,122,2
1.82,84,11825.95,"Professional",1985,67.14,120,0
2.15,12,9785,"Buisness",1963,70.74,121,1
2.04,20,13218.53,"Vocational",2010,68.99,125,0
2.99,4,13286.9,"Vocational",1965,65.13,121,0
2.27,32,9755.54,"STEM",1972,70.98,120,0
2.89,2,9711,"Buisness",1991,66.1,131,3
2.08,31,10208,"Buisness",1964,70.37,123,1
1.88,13,10196.44,"Humanities",1976,65.89,121,0
2.36,4,10222.2,"Humanities",1992,65.01,123,1
2.32,23,5527.76,"Other",2010,66,121,0
1.95,46,9794.7,"STEM",1989,65.2,123,0
2.38,10,13222,"Vocational",2013,64.39,122,0
2.59,2,10259,"Buisness",1998,66.8,122,0
2.5,44,10236.55,"Humanities",2008,67.96,121,3
2.52,8,11744.24,"Professional",1963,66.36,123,2
2.99,65,13294.61,"Vocational",1990,64.93,121,0
1.6,21,10170.08,"Humanities",1968,70.1,121,0
2.77,47,10273.13,"Humanities",1963,69.26,121,0
2.73,35,10277.17,"Humanities",2015,72.69,121,0
2.63,21,11744.41,"Professional",1979,65.98,131,0
2.67,8,9733,"Buisness",2003,67.59,122,2
2.55,1,9718.02,"STEM",1977,69.98,121,1
3.3,3,11663.53,"Professional",2007,67.94,123,2
1.85,4,13204.74,"Vocational",1975,68.44,121,0
3.01,8,9699,"Buisness",1979,66.64,120,1
2.86,16,9694.56,"STEM",2005,69.37,122,1
3,15,5238.27,"Other",1995,70.63,125,0
2.41,48,7323.76,"Other",1983,68.47,121,1
2.14,9,11809.22,"Professional",1998,70.08,120,1
2.32,5,11790.12,"Professional",2002,70.05,123,1
0.65,7,9952.37,"STEM",1971,68.37,121,0
2.25,0,10241.89,"Humanities",1966,70.26,120,1
3.03,7,9707.5,"STEM",1982,68.98,121,0
1.4,13,13157.32,"Vocational",1981,68.44,120,1
2.55,29,11736.61,"Professional",1984,67.79,126,3
2.61,19,9730.63,"STEM",1982,69.49,120,1
2.61,10,11748.95,"Professional",1968,66.89,122,2
3.58,5,10372.93,"Humanities",1996,67.63,121,1
2.3,15,10215.12,"Humanities",1994,72.36,123,2
2.6,74,9731.85,"STEM",1998,68.97,121,1
2.98,35,9702.09,"STEM",1995,70.43,126,0
2.98,26,10293.1,"Humanities",2007,67.86,124,0
2.37,13,10231.17,"Humanities",2004,68.91,125,0
2.95,7,13309.15,"Vocational",1969,69.48,123,2
2.29,15,5218.41,"Other",1972,68.73,123,2
2.47,5,10250.2,"Humanities",1990,70.03,120,0
2.63,44,13246.84,"Vocational",1985,66.35,121,0
2.14,1,13229.84,"Vocational",1962,67.16,122,1
2.73,1,4980.92,"Other",1989,67.79,120,3
1.95,2,11814.72,"Professional",1974,65.98,123,0
2.18,22,9782.15,"STEM",2003,66.28,123,0
2.73,0,5006.02,"Other",2004,66.54,120,1
2.6,36,11718.23,"Professional",2007,67.71,123,0
2.48,23,10257.47,"Humanities",2005,66.88,121,0
2.24,4,13226.1,"Vocational",2004,64.9,120,2
2.13,15,10189.56,"Humanities",1978,65.95,120,1
2.91,2,10295.39,"Humanities",2007,71.46,122,1
3.17,12,11688.88,"Professional",2000,65.96,121,1
2.4,6,11768.65,"Professional",1972,67.44,123,0
2.65,19,5370.76,"Other",1978,67.95,121,1
3.2,17,9689.54,"STEM",1992,67.96,124,0
2.97,49,10297,"Buisness",1978,68.97,122,0
2.06,56,10208.61,"Humanities",1990,68.99,123,1
2.44,7,11768,"Professional",1965,65.55,122,2
2.05,7,11818.62,"Professional",1978,69.21,123,0
2.9,4,5001.79,"Other",2007,68.48,122,0
2.4,32,10250.62,"Humanities",2005,69.14,122,3
2.72,2,11731.7,"Professional",1967,68.6,122,4
2.51,55,9731.35,"STEM",2004,66.87,122,1
2.82,52,11693.67,"Professional",2006,70.98,121,1
2.79,3,9721,"Buisness",1971,67.33,125,0
2.38,7,10238,"Buisness",1984,71.3,120,3
3.13,12,11693.39,"Professional",1991,69.72,120,2
2.63,52,9737,"Buisness",2003,66.16,121,1
2.6,25,10248.4,"Humanities",2009,67.85,123,4
2.23,0,11782.17,"Professional",2003,65.73,124,2
2.96,47,10296,"Buisness",1994,69.57,121,0
2.21,8,11790.16,"Professional",1970,70.65,121,0
2.64,0,13257.85,"Vocational",1985,65.52,120,1
2.7,6,11732.08,"Professional",2007,69.14,121,0
2.55,41,10248.6,"Humanities",1979,68.85,121,0
2.22,4,5011.51,"Other",2006,67.63,124,3
3.04,18,10308.09,"Humanities",2015,69.37,121,1
1.74,11,9832.68,"STEM",2004,69.41,125,0
3.3,10,9676.01,"STEM",1985,71.72,125,0
2.36,7,10236.57,"Humanities",2007,65.88,125,3
2.99,22,10299,"Buisness",2006,69.34,120,0
2.64,13,11737.76,"Professional",1978,65.25,122,0
3.25,87,12554.99,"Other",1965,68.51,121,0
1.8,20,5406.01,"Other",2009,69.36,125,0
3.26,14,9671.63,"STEM",2008,69.24,121,4
1.93,63,10170.34,"Humanities",2010,69.74,121,1
2.25,10,10230.84,"Humanities",2011,68.33,123,3
2.04,28,10212.14,"Humanities",1981,71.31,122,2
1.74,5,11809.61,"Professional",1994,67.45,120,1
2.96,33,6071.83,"Other",1994,68.2,122,0
3.46,8,9654,"Buisness",2005,68.87,121,4
3.29,3,13323.43,"Vocational",2015,68.01,121,0
2.65,14,9743.19,"STEM",2014,67.79,120,0
2.22,4,11772.18,"Professional",2014,69.56,121,0
2.85,46,9715.49,"STEM",2008,72.73,121,2
2.67,8,11718.59,"Professional",2000,66.11,123,0
2.38,1,13252.39,"Vocational",1983,65.38,120,2
2.7,209,11720.31,"Professional",1993,64.96,128,1
2.79,23,10280.17,"Humanities",1999,66.45,121,1
2.57,3,9746.43,"STEM",2014,68.21,122,0
2.86,26,13295.04,"Vocational",1993,67.94,120,1
2.41,0,10242.81,"Humanities",1968,69.04,122,0
3.05,20,11697.3,"Professional",1983,69.62,120,0
2.74,2,5005.24,"Other",1968,66.32,121,2
2.4,28,9752.91,"STEM",1977,69.69,121,1
2.79,3,10265.68,"Humanities",1981,64.23,122,1
2.09,11,9784.52,"STEM",1976,69.85,120,0
1.92,2,13178.82,"Vocational",1978,67.6,120,0
2.35,5,11757.85,"Professional",2013,66.06,121,1
2.64,19,9735.35,"STEM",2007,67.33,120,3
2.75,21,9718.99,"STEM",1970,67.01,130,1
2.54,9,10254,"Buisness",2006,66.46,123,3
2.56,28,10256,"Buisness",1974,69.94,120,0
2.48,102,13255.78,"Vocational",1967,69.29,124,1
2.49,1,11750.35,"Professional",1964,69.31,121,1
3.42,19,13349.61,"Vocational",1971,66.17,125,2
1.78,1,10178,"Buisness",2008,67.53,122,1
2.29,7,10229.43,"Humanities",1961,68.5,127,0
1.96,16,5255.81,"Other",2000,69.92,120,0
2.69,12,10283.97,"Humanities",1994,70.86,120,1
2.01,5,10184.77,"Humanities",2010,67.27,124,0
3.09,97,13315.79,"Vocational",1966,70.46,121,4
2.24,19,9776,"Buisness",1991,67.28,121,1
2.52,9,9770.37,"STEM",1994,66.13,121,0
2.81,52,13283.06,"Vocational",2009,67.18,124,1
3.86,4,10373.48,"Humanities",2004,67.75,121,0
2.25,14,13199.15,"Vocational",1973,67.96,122,0
2.72,2,11735.63,"Professional",1972,68.52,123,2
2.45,4,5013.51,"Other",2014,63.17,122,0
2.78,8,10278,"Buisness",1962,69.8,121,0
3.29,32,13324.72,"Vocational",1979,66.07,123,0
2.73,36,9711.31,"STEM",1961,68.11,120,1
2.71,15,10260.54,"Humanities",1963,64.87,123,0
2.87,58,10291.92,"Humanities",2005,65.65,125,1
3.29,22,9686.48,"STEM",1996,68.95,121,2
2.58,16,11734.3,"Professional",1987,67.07,121,1
2.1,3,9785.44,"STEM",1976,65.05,121,1
1.68,47,13165.15,"Vocational",1988,70.15,126,0
3.05,11,9695,"Buisness",2007,68.31,120,3
2.61,13,11742.04,"Professional",1964,67.43,121,0
2.33,1,11767.91,"Professional",1971,67.11,126,1
3.16,18,10308.42,"Humanities",1961,65.62,121,0
3.19,42,11690.17,"Professional",1994,70.37,121,0
2.19,22,11773.88,"Professional",1997,66.59,124,1
2.19,4,10221.6,"Humanities",2015,67.62,122,1
3.05,1,13306.1,"Vocational",2005,67.5,122,2
2.52,4,11746.02,"Professional",1997,70.03,122,0
2.53,8,13247.55,"Vocational",1986,66.36,120,1
3.07,0,13312.4,"Vocational",1966,68.07,122,2
2.62,10,11728.27,"Professional",1992,64.94,123,1
2.94,20,13306.64,"Vocational",2013,68.33,129,0
2.28,50,10218.92,"Humanities",2014,68.12,121,0
2.66,5,10270.65,"Humanities",1999,68.91,121,3
2.41,5,9768.43,"STEM",1985,71.48,121,1
1.83,11,11830.88,"Professional",1989,70.33,121,1
3.03,29,9697,"Buisness",1977,66.46,126,1
1.97,12,9796.04,"STEM",1981,65.48,121,0
2.73,1,11728.23,"Professional",1998,67.74,120,0
2.8,10,13284.81,"Vocational",1969,70.4,121,0
2.25,5,10217.35,"Humanities",1970,68.61,121,0
2.07,2,9793,"Buisness",1999,65.57,124,1
2.49,20,11753.9,"Professional",2000,65.07,122,1
2.21,53,11789.74,"Professional",1995,66.2,121,0
2.46,6,13252.83,"Vocational",1966,67.49,123,0
2.64,19,9740.21,"STEM",1967,68.41,121,2
2.9,2,10306.04,"Humanities",1975,70.38,130,0
3.12,11,10312,"Buisness",1962,67.78,122,2
2.64,24,10271.86,"Humanities",1976,68.01,120,1
3.24,78,13321.14,"Vocational",1990,66.18,123,0
2.41,29,13251.21,"Vocational",1994,73,121,2
3.21,37,13326.86,"Vocational",1985,67.91,121,1
3,2,13301.67,"Vocational",1975,64.66,125,1
2.49,1,9741.19,"STEM",1974,67.93,122,1
3,34,13316.01,"Vocational",1990,66.01,120,1
3.37,14,11640.17,"Professional",1964,66.35,123,0
2.37,15,13245.25,"Vocational",1980,68.68,121,0
2.38,3,9787.01,"STEM",2015,66.97,120,1
2.52,2,9725.91,"STEM",1961,69.53,120,1
2.45,34,10245,"Buisness",1966,68.71,126,0
2.95,20,11710.68,"Professional",1993,70.07,121,1
2.51,31,5962.81,"Other",2003,71.89,121,0
2.41,13,9744.2,"STEM",1998,70.51,121,1
2.82,9,5088.38,"Other",1989,69.01,120,0
2.43,39,10221.65,"Humanities",1977,68.44,123,2
2.65,56,13270.06,"Vocational",1968,70.95,120,0
2.32,30,13226.38,"Vocational",1976,64.43,126,0
2.27,4,9769.98,"STEM",1992,69.45,120,0
2.55,9,9745.38,"STEM",1971,69.76,122,0
2.63,2,10264.07,"Humanities",2010,66.36,120,0
2.61,9,5087.85,"Other",1982,69.7,122,1
2.3,45,11782.17,"Professional",1983,68.27,121,1
2.5,13,13241.56,"Vocational",2014,69.86,124,1
2.92,3,10289.96,"Humanities",1989,68.01,120,1
2.66,16,11728.21,"Professional",1997,68.1,120,1
2.43,24,13246.83,"Vocational",2014,67.27,121,1
3.07,31,10306.58,"Humanities",1978,67.88,122,1
2.84,66,10291.06,"Humanities",1963,68.84,123,2
2.27,15,13240.32,"Vocational",1982,69.49,122,1
2.53,11,11739.3,"Professional",1964,67.1,124,1
2.97,11,9702.3,"STEM",1984,66.77,120,1
2.37,45,9763,"Buisness",1967,67.02,130,1
2.52,2,10237.39,"Humanities",2000,68.41,121,0
3.19,65,9670.33,"STEM",2015,69.53,123,1
2.92,4,13301.92,"Vocational",1984,65.13,122,1
2.51,2,9729.45,"STEM",1973,65.68,125,1
3.02,0,9713.25,"STEM",1985,67.34,123,2
2.54,20,10260.71,"Humanities",1973,67.24,120,3
2.15,35,9809.84,"STEM",1977,69.36,122,1
2.81,60,9723.99,"STEM",2004,65.81,124,3
2.16,6,13210.14,"Vocational",1982,70.67,120,1
2.2,10,9769.32,"STEM",1988,64.56,122,0
2.69,3,13274.26,"Vocational",2004,68.45,121,2
2.81,51,10266.88,"Humanities",2009,68.61,121,1
2.38,2,13229.07,"Vocational",1972,67.29,121,1
2.03,64,9786.68,"STEM",1971,70.94,123,1
2.66,3,5006.83,"Other",1974,65.36,120,4
2.29,8,9765.6,"STEM",1994,68.33,121,1
2.89,7,11724.87,"Professional",1983,67.66,121,2
3.2,14,11690.91,"Professional",1993,65.31,123,2
2.93,43,11709.06,"Professional",1994,68.29,121,1
2.52,19,9748,"Buisness",1981,64.75,121,0
2.28,23,13207.89,"Vocational",1998,69.36,120,1
2.97,3,13308.33,"Vocational",1998,68.44,121,2
2.38,1,11751.44,"Professional",2001,68.64,120,1
2.32,7,5060.97,"Other",1979,69.59,121,0
1.98,63,13197.2,"Vocational",2011,68.21,123,2
2.92,1,10292,"Buisness",1986,69.57,120,1
1.84,16,9822.84,"STEM",2007,65.6,124,0
2.7,1,9745.08,"STEM",1998,69.81,120,0
2.74,30,11716.78,"Professional",1966,70.9,122,1
2.67,2,10267,"Buisness",1962,63.71,122,1
2.39,12,5140.13,"Other",1968,67.76,121,0
2.24,0,13231.85,"Vocational",1962,71.3,120,0
2.36,18,9778.06,"STEM",1969,68.89,120,1
2.66,54,10266.49,"Humanities",1961,68.04,122,0
2.57,1,9741.58,"STEM",1976,68.39,124,1
2.23,4,11782.37,"Professional",1998,67.34,120,0
3,7,13294.88,"Vocational",1995,64.76,121,1
3.46,28,5803.68,"Other",2008,66.79,122,2
1.87,3,9816.66,"STEM",1973,66.71,124,7
1.71,2,9829,"Buisness",2007,67.52,122,2
2.73,50,9724.02,"STEM",1967,67.14,122,0
2.57,22,9743,"Buisness",1979,67.33,125,1
3.58,4,11635.49,"Professional",2007,66.06,123,1
2.36,3,11755.74,"Professional",1992,68.03,126,2
2.3,0,13222.42,"Vocational",1995,71.11,120,0
2.48,4,5018.93,"Other",1974,67.75,122,0
2.72,28,5789.43,"Other",2001,67.33,124,1
2.33,35,11765.57,"Professional",1962,66.52,126,0
2.8,78,11717.45,"Professional",2005,70.61,122,1
2.49,23,10250.96,"Humanities",2012,64.22,120,1
2.2,10,11779.53,"Professional",1978,66.11,121,3
2.62,57,11725.36,"Professional",1980,68.52,122,0
2.98,62,9682.37,"STEM",2013,67.02,121,1
3.07,31,13307.5,"Vocational",2007,67.13,125,3
2.61,59,10251.75,"Humanities",1961,67.68,123,0
2.61,0,11729.74,"Professional",1977,70.03,125,7
2.99,42,11697.36,"Professional",1961,67.64,123,1
2.6,38,10259.44,"Humanities",1972,69.19,120,0
2.22,47,13243.13,"Vocational",1999,67.12,121,2
2.29,24,10242.86,"Humanities",1994,68.12,123,0
2.44,13,10237.9,"Humanities",2013,66.24,122,0
2.22,0,9771.7,"STEM",1967,69.15,124,1
2.94,32,10291.08,"Humanities",1994,66.66,123,1
2.82,11,9725.66,"STEM",2015,72.77,126,0
2.36,33,10235.45,"Humanities",1961,72.22,121,0
2.74,1,9736.04,"STEM",2004,68.84,121,0
3.41,33,10350.34,"Humanities",1981,65.93,121,3
3.9,28,13380.96,"Vocational",1979,68.64,121,0
2.41,25,5624.47,"Other",1993,67.11,121,0
3.09,17,11686.32,"Professional",1977,68.21,120,1
2.09,43,13224.43,"Vocational",2006,69.4,123,0
1.82,1,9818,"Buisness",1981,71.44,121,1
2.54,2,13245.98,"Vocational",2012,67.41,121,0
1.74,1,10168.78,"Humanities",2001,69.01,122,1
3.41,57,9659.03,"STEM",1999,66.17,121,0
2.24,5,13222.43,"Vocational",2002,66.63,121,1
2.7,10,10270,"Buisness",2014,69.75,123,2
3.15,22,10301.85,"Humanities",1977,67.25,121,2
2.5,7,11768.53,"Professional",2012,66.65,120,1
2.55,16,13263.75,"Vocational",1983,67.86,120,0
2.44,9,11755.47,"Professional",1992,66.95,120,0
3.15,1,13309.03,"Vocational",1983,69.79,120,1
3.17,24,11683.01,"Professional",1973,69.63,122,1
2.63,7,11735.96,"Professional",1963,68.63,121,1
2.94,2,10277.62,"Humanities",1988,69.64,123,3
2.43,83,11748.08,"Professional",1994,69.48,124,0
2.59,1,9740.84,"STEM",1972,67.3,123,1
2.07,12,13214.88,"Vocational",1962,66.94,121,1
2.56,13,11745.33,"Professional",1977,69.18,122,1
2.43,47,13233.51,"Vocational",2015,68.09,121,1
2.18,22,11795.82,"Professional",1991,66.28,120,1
1.99,1,5010.11,"Other",2012,66.71,122,2
1.93,8,5051.49,"Other",1996,69.11,120,1
2.32,9,10236.95,"Humanities",1961,67.93,120,0
2.3,5,13214.48,"Vocational",1996,67.95,120,1
2.26,2,5012.99,"Other",1995,66.91,122,1
3.1,9,9651.26,"STEM",1984,69.58,120,0
3.12,31,5940,"Other",1986,69.88,121,0
2.53,75,13242.96,"Vocational",1971,68,121,1
2.19,15,11778.32,"Professional",1980,66.03,120,3
2.23,24,9798.12,"STEM",2014,70.27,120,1
2.4,10,13249.49,"Vocational",2009,69.6,122,3
2.75,4,11722.32,"Professional",1966,67.37,127,0
2.59,2,11728.27,"Professional",1961,65.22,121,0
2.22,16,9796.06,"STEM",1984,70.62,125,1
2.02,34,10202,"Buisness",1990,70.14,124,1
2.52,35,10257.9,"Humanities",1981,66.39,121,0
3.04,12,13306.91,"Vocational",1977,69.61,121,0
1.94,1,10194,"Buisness",2012,66.14,121,0
1.46,37,11848.7,"Professional",1979,66.37,123,1
2.66,22,11729.76,"Professional",2011,68.72,121,1
2.07,6,9793,"Buisness",1983,68.39,120,2
2.88,44,10288,"Buisness",1994,68.99,125,0
1.59,37,11837.01,"Professional",2011,68,128,1
2.81,2,13289.36,"Vocational",1997,62.55,124,0
2.13,8,13232.11,"Vocational",1974,71.65,122,4
2.31,52,9765.63,"STEM",1975,68.66,121,2
1.66,20,11850.79,"Professional",2005,65.49,126,0
1.81,6,9822.43,"STEM",1989,69.85,120,1
3.05,10,10306.44,"Humanities",1998,69.6,121,1
2.61,24,13255.01,"Vocational",1987,65.79,124,0
2.55,9,9745,"Buisness",2001,68.36,120,0
2.52,23,13239.72,"Vocational",1995,69.93,121,0
1.96,9,9802.47,"STEM",1971,66.63,123,0
1.72,21,11814.35,"Professional",2010,65.68,120,1
1.97,7,9802.28,"STEM",1984,68.16,124,1
2.18,19,13206.83,"Vocational",1962,67.57,124,1
1.94,1,10185.57,"Humanities",2006,66.79,123,1
2.53,26,5683.82,"Other",1978,68.69,120,1
1.83,34,13189.58,"Vocational",2010,64.48,125,0
1.99,42,13193.17,"Vocational",1973,67.7,124,2
3.29,1,11669.94,"Professional",1999,66.52,120,0
2.43,11,9763.6,"STEM",1961,68.88,122,1
2.9,9,10291.23,"Humanities",2005,73,123,1
2.32,53,10232,"Buisness",1974,67.25,123,0
2.53,14,11750.47,"Professional",1993,70.79,121,0
2.57,54,10257,"Buisness",1974,66.21,121,3
3.62,5,9636.4,"STEM",1989,66.12,123,0
3.38,90,13095.49,"Other",2004,66.96,120,1
2.83,5,11715.6,"Professional",1979,64.54,123,3
2.39,0,10251.35,"Humanities",1985,70.94,121,0
2.74,20,10270.22,"Humanities",1972,71.83,122,0
2.57,26,11742.65,"Professional",1999,68.15,121,0
2.77,10,10277,"Buisness",1960,65.99,122,1
2.69,24,9731.61,"STEM",1971,69.24,120,0
3.11,34,10325.7,"Humanities",2000,67.36,121,4
1.97,1,13206.19,"Vocational",2007,70.03,122,2
2.98,18,10282.23,"Humanities",1999,63.52,121,0
1.96,28,10200.85,"Humanities",1976,68.7,120,0
2.11,32,11780.27,"Professional",2001,61.93,120,0
1.81,5,13167.45,"Vocational",1982,71.29,129,0
2.82,35,13296.4,"Vocational",1997,73.67,122,1
1.97,1,11801.93,"Professional",2005,69.74,120,0
2.41,14,11770.75,"Professional",1980,68.62,122,1
2.72,40,9735.02,"STEM",2005,66.99,121,1
3.83,14,9622.83,"STEM",1996,70.95,120,1
2.03,6,11803.4,"Professional",1975,66.09,121,1
2.53,0,9747,"Buisness",1969,66.93,122,0
1.42,20,9854.84,"STEM",2015,67.85,124,1
1.97,61,8708.27,"Other",2008,67.21,122,3
2.5,9,11750.31,"Professional",1966,69.51,120,1
3.04,12,9691.9,"STEM",1966,68.73,120,0
2.77,16,11737.38,"Professional",1988,66.91,121,0
2.7,2,11730.04,"Professional",2004,69.03,125,1
2.31,48,10229.86,"Humanities",1994,71.96,122,3
3.02,3,9697.2,"STEM",1985,67.44,120,1
2.54,7,13254.49,"Vocational",1971,69.98,124,1
2.73,32,9724.56,"STEM",2008,68.49,126,2
2.44,79,10235.64,"Humanities",2001,65.87,123,1
2.31,45,7038.19,"Other",2010,69.9,125,3
2.35,52,13230.56,"Vocational",1968,67.55,125,1
3.78,44,9618.56,"STEM",2007,70.02,121,0
2.01,15,13187.51,"Vocational",1998,68.07,124,0
2.13,10,11796.58,"Professional",1993,66.9,124,2
2.72,15,9703.86,"STEM",2006,67.67,121,1
2.53,13,9730.77,"STEM",1962,70.57,122,0
2.89,1,11701.1,"Professional",1998,66.76,120,2
2.15,5,5025.44,"Other",1974,68.17,123,1
2.82,14,9711.49,"STEM",1989,70.98,120,1
2.26,16,9774.27,"STEM",1983,66.62,120,0
3.14,9,11676.82,"Professional",1963,65.91,122,0
3.01,15,9700.58,"STEM",1967,69.79,125,1
2.72,5,10276.53,"Humanities",1967,65.72,124,1
2.79,25,10289.36,"Humanities",2001,67.72,122,2
3.06,2,13310.34,"Vocational",2013,69.05,122,2
2.62,39,9738,"Buisness",2015,66.03,120,0
2.3,27,10240.63,"Humanities",1994,67.42,124,2
2.31,14,11765.01,"Professional",1992,67.26,121,1
2.62,28,13257.02,"Vocational",1983,69.79,121,1
3.19,41,11682.8,"Professional",1996,68.04,122,0
3.12,26,5673.24,"Other",1967,71.05,120,0
2.33,19,13232.73,"Vocational",1976,69.89,120,1
2.48,14,11741.67,"Professional",2004,67.66,121,0
2.21,24,11783.37,"Professional",1993,68.99,122,0
2.76,22,11735.09,"Professional",2009,68.4,123,1
2.74,6,13268.06,"Vocational",1968,70.96,122,1
2.84,6,11716.91,"Professional",1963,68.62,120,1
2.85,21,13284.91,"Vocational",2002,67.39,122,0
2.25,12,11775.36,"Professional",1979,69.41,122,0
2.39,4,11758.01,"Professional",1967,72.45,121,0
2.39,13,9767.31,"STEM",1967,69.02,121,1
3.11,14,9681.05,"STEM",1993,65.73,120,1
2.64,17,9748.04,"STEM",1985,68.22,127,1
2.36,22,10236,"Buisness",1964,66.45,120,6
2.67,31,5965.73,"Other",1970,69.4,123,2
2.72,28,10273.45,"Humanities",1978,67.39,121,1
2.75,78,9718.24,"STEM",2004,67.6,121,1
2.33,8,11759.52,"Professional",1964,67.57,120,0
2.71,7,10271,"Buisness",1994,70.34,121,0
2.61,6,13251.24,"Vocational",1985,66.77,126,1
1.56,47,9833.07,"STEM",1989,65.03,131,1
3.57,8,11653.44,"Professional",1987,66.49,120,2
2.31,26,9756.14,"STEM",1997,67.14,121,1
2.94,0,13286.34,"Vocational",1962,70.09,122,1
3.59,24,13363.18,"Vocational",1973,67.64,122,0
2.68,9,11727.3,"Professional",2003,66.26,122,2
2.92,47,13279.78,"Vocational",1982,69.06,121,1
2.8,32,11720.89,"Professional",1977,69.88,122,3
2.49,3,5016.4,"Other",2012,67.17,123,1
2.37,35,13240.13,"Vocational",1996,71,120,0
2.67,79,9742.92,"STEM",1976,67.88,121,1
2.13,4,13216.88,"Vocational",1992,67,123,1
2.06,29,11787.97,"Professional",1963,71.28,121,5
2.14,61,13222.22,"Vocational",1985,69.1,121,0
3.03,10,9698.64,"STEM",1982,66.6,122,2
2.99,56,9712.39,"STEM",2015,68.27,121,1
1.97,15,5218.18,"Other",1967,67.56,121,1
2.07,13,13212.13,"Vocational",1967,69.47,129,1
3.37,29,13335.82,"Vocational",1994,67.9,121,0
3.01,56,11720.42,"Professional",1961,66.09,125,2
2.67,1,10267,"Buisness",2012,69.6,122,0
2.55,31,9739.57,"STEM",1997,68.83,125,1
2.23,20,11770.66,"Professional",1967,66.45,125,0
2.6,5,13270.25,"Vocational",1996,70.9,120,0
2.13,5,10237.28,"Humanities",1992,68.3,121,0
3.22,12,13331.78,"Vocational",1981,65.69,126,0
3.15,13,11677.27,"Professional",1976,68.62,120,0
2.69,12,9731,"Buisness",1985,67.59,124,0
2.87,39,11700.81,"Professional",2007,68.28,120,1
2.02,1,10202,"Buisness",1978,68.62,122,0
2.03,6,10207.55,"Humanities",1994,69.57,126,2
2.08,12,5143.92,"Other",1988,69.32,121,0
2.95,12,13305.18,"Vocational",1962,68,121,4
2.99,12,13294.43,"Vocational",2013,67.67,121,6
2.97,27,10287.13,"Humanities",1969,69.27,120,1
2.3,29,13225.05,"Vocational",1995,70.47,120,3
2.4,9,10250.92,"Humanities",1983,64.85,121,0
1.38,4,11864.98,"Professional",1961,68.83,121,1
2.95,2,10289,"Humanities",1990,64.48,121,0
2.16,45,10218.12,"Humanities",1985,66.23,122,4
2.28,17,9760.07,"STEM",1990,69.14,120,4
2.67,25,13264.93,"Vocational",2015,66.32,123,1
2.26,7,9773.69,"STEM",1989,66.59,124,0
2.71,17,10271.32,"Humanities",1998,68.71,121,3
3.17,65,9690.95,"STEM",1992,69.31,123,4
2.14,5,10202.83,"Humanities",1988,68.04,128,0
2.38,51,9748.12,"STEM",1997,64.29,121,0
2.29,4,9754.99,"STEM",1998,66.6,120,0
2.85,5,9716.37,"STEM",1981,67.06,122,1
1.99,2,5006.58,"Other",1971,69.22,121,0
2.5,40,11750.35,"Professional",2008,65.34,123,1
2.31,5,13241.82,"Vocational",1986,68.87,123,2
2.19,26,11788.12,"Professional",1999,71.12,123,1
3.16,3,9684,"Buisness",2001,69.49,120,0
3.13,0,11680.66,"Professional",1961,64.92,122,2
2.8,17,11717.66,"Professional",1979,67.54,123,1
2.24,2,13214.76,"Vocational",2004,66.09,120,0
3.02,13,10302.43,"Humanities",2015,67.76,120,1
2.85,17,9707.79,"STEM",1970,65.28,120,2
2.38,8,9752.77,"STEM",1972,69.95,120,1
3.48,15,9619.11,"STEM",1991,65.17,124,1
2.19,95,11789.5,"Professional",1980,67.51,121,0
2.13,18,13211.78,"Vocational",1984,68.87,121,1
2.24,1,13221.45,"Vocational",2012,71.05,121,0
2.52,7,5042.51,"Other",1983,65.97,120,2
2.88,3,11693.47,"Professional",1963,68.14,127,0
2.3,41,9767.06,"STEM",2011,68.37,120,2
2.61,13,10262.02,"Humanities",2010,67.84,122,1
2.6,17,13254.68,"Vocational",1999,65.74,125,1
2.01,12,9814.36,"STEM",1980,64.11,120,0
2.45,3,10257.16,"Humanities",1976,68.63,121,1
2.36,71,9764,"Buisness",1981,67.98,121,0
3.11,14,5214.88,"Other",1964,68.2,121,4
2.56,34,10259.71,"Humanities",2008,68.54,121,1
2,33,10203.26,"Humanities",1990,69.4,121,2
1.74,45,9823.78,"STEM",1998,71.49,126,1
2.43,18,5327.6,"Other",1988,64.22,122,2
3.01,53,9704.44,"STEM",1996,65.45,121,3
1.85,10,10185,"Buisness",2002,70.3,123,1
2.19,8,13221.01,"Vocational",1983,68.26,121,2
2.75,6,13270.39,"Vocational",1998,69.26,120,0
2.24,12,9781.48,"STEM",1988,67.56,121,0
2.55,4,9754.7,"STEM",1975,68.36,121,0
2.53,12,13241.71,"Vocational",2009,67.82,121,3
3.07,27,5714.73,"Other",1994,69.48,121,0
2.3,5,10228.57,"Humanities",1962,67.34,120,0
2.78,25,13292.94,"Vocational",1962,70.47,123,0
3.78,45,9612.56,"STEM",1963,67.5,122,3
2.45,1,10245,"Buisness",2000,65.73,125,0
1.78,65,9219.74,"Other",2001,67.74,120,0
2.47,12,11754.47,"Professional",1961,66.45,121,0
3.38,2,11663.74,"Professional",1994,71.22,124,1
3.15,5,13319.73,"Vocational",2008,69.43,122,1
1.8,22,10167.88,"Humanities",1981,67.4,120,1
2.46,3,13232.27,"Vocational",1990,71.09,120,2
2.02,3,13222.72,"Vocational",2002,66.43,124,0
2.7,15,10270.37,"Humanities",1982,70.65,120,0
2.79,23,5539.77,"Other",1966,66.94,124,1
2.06,2,13215.77,"Vocational",1974,71.95,125,1
2.53,1,9747,"Buisness",1985,70.43,120,1
2.16,50,10222.76,"Humanities",2007,71.57,122,0
2.33,55,11762.16,"Professional",1997,68.94,121,0
3.1,31,11682.18,"Professional",2013,71.95,125,1
2.57,5,11749.81,"Professional",1973,64.84,123,0
3.23,29,10323,"Buisness",1966,66.47,120,0
2.46,36,13243.1,"Vocational",2015,69.86,120,2
2.57,10,5083.79,"Other",1999,70.49,122,1
2.01,34,11786.93,"Professional",2002,68.19,121,0
2.36,19,13244.83,"Vocational",1985,67.3,122,1
2.15,3,9785,"Buisness",1979,71.82,121,1
2.44,22,13249.77,"Vocational",2014,68.73,120,1
2.52,13,10252,"Buisness",1966,68.79,129,1
3.12,4,9676.27,"STEM",1998,67,121,2
2.73,9,13274.44,"Vocational",1972,67,120,1
2.97,6,13300,"Vocational",1961,66.82,120,2
2.45,20,10235.07,"Humanities",1974,71.41,121,0
2.34,31,13245.52,"Vocational",1971,64.47,122,0
2.41,61,10234.51,"Humanities",1994,66.01,120,1
2.91,7,13283.26,"Vocational",1966,66.24,122,0
2.87,48,9717.5,"STEM",1988,67.99,123,0
1.86,40,9813.51,"STEM",1982,68.37,120,1
3.2,3,9671.45,"STEM",2008,71.13,122,2
1.89,18,5326.55,"Other",2015,68.14,125,1
2.2,25,9778.64,"STEM",1965,66.51,121,0
2.63,3,13269.33,"Vocational",1967,65.58,120,2
2.66,7,11748.59,"Professional",2001,72.37,121,1
2.01,12,9803.06,"STEM",1997,69.38,122,0
2.02,9,9799.13,"STEM",2006,69.59,121,2
3.02,21,13297.19,"Vocational",1982,69.85,120,0
3.15,45,9679.43,"STEM",1975,66.39,126,2
1.32,27,5727.75,"Other",1983,69.25,123,1
2.73,13,10273,"Buisness",2012,69.05,120,2
2.6,34,10277.55,"Humanities",1996,67.54,124,5
2.56,8,11758.53,"Professional",1979,68.84,120,2
1.85,3,4994.51,"Other",1984,68.89,122,1
2.27,22,5473.64,"Other",2004,69.81,127,1
2.41,1,10231.11,"Humanities",2002,69.45,120,2
2.37,1,10228.14,"Humanities",1976,68.97,121,0
2.18,4,5028.24,"Other",1973,66.02,122,0
2.64,56,8133.13,"Other",1962,71.35,127,2
3.35,24,13322.99,"Vocational",1993,64.19,120,2
1.75,2,11816.97,"Professional",1970,67.73,121,0
2.83,11,13285.85,"Vocational",1972,68.1,121,1
1.97,65,10205.69,"Humanities",1985,67.31,120,0
2.33,9,13246.71,"Vocational",2000,68.11,122,0
2.4,10,9768.88,"STEM",1962,69.66,121,0
2.13,31,9795.21,"STEM",1984,70.7,128,1
2.25,71,10225,"Buisness",1996,68.9,123,1
2.96,11,10280.99,"Humanities",2004,66.68,120,2
2.78,4,13267.38,"Vocational",1979,66.55,122,0
2.25,1,9778.41,"STEM",1964,69.44,120,1
2.74,18,13274.27,"Vocational",2013,67.63,120,0
2.15,80,10224.91,"Humanities",1963,70.48,128,2
2.19,2,9776.46,"STEM",1989,68.39,128,1
2.21,8,11791.85,"Professional",1983,68.99,120,0
2.97,17,9699.65,"STEM",1989,65.55,121,2
2.11,5,11805.33,"Professional",1993,67.61,120,1
2.59,2,5002.75,"Other",2006,70.39,121,0
2.41,36,11766.67,"Professional",1969,70.44,122,1
1.97,32,9797.36,"STEM",2015,69.02,121,1
2.21,13,9781.78,"STEM",1975,68.04,121,1
2.89,53,13265.13,"Vocational",1983,67.7,121,1
2.46,7,13258.25,"Vocational",1975,68.92,121,1
2.86,8,9708.74,"STEM",1976,70.99,121,2
2.4,38,13239.18,"Vocational",2007,67.38,126,1
1.97,6,10200.93,"Humanities",1963,67.8,120,1
2.57,35,10250.12,"Humanities",2011,69.72,122,0
2.67,5,11742.15,"Professional",1977,69.19,122,0
2.58,24,11739.41,"Professional",1974,71.98,122,1
2.2,24,9786.84,"STEM",2015,69.41,121,1
2.14,15,11762.18,"Professional",1995,68.33,120,1
2.29,6,9771,"Buisness",1961,66.98,121,0
2.61,3,10264.53,"Humanities",1985,68.62,120,1
2.78,15,13269.24,"Vocational",1973,66.88,121,1
2.68,13,9732,"Buisness",2009,65.9,121,1
2.33,2,13235.21,"Vocational",1963,65.62,120,0
2.51,11,9749,"Buisness",2015,67.19,123,3
2.87,79,9713,"Buisness",1987,70.54,121,1
2.46,1,10235.98,"Humanities",1978,67.68,120,4
2.45,1,10251.75,"Humanities",1974,67.33,121,2
2.85,73,11716.1,"Professional",1967,68.36,121,1
3.28,54,13330.75,"Vocational",1973,71.32,120,0
2.44,4,9742.39,"STEM",1970,68.74,122,1
2.45,36,10245,"Buisness",1986,68.11,123,1
1.89,15,13195.84,"Vocational",2010,66.79,121,1
2.85,40,9722.83,"STEM",1975,67.53,121,3
2.76,4,13274.34,"Vocational",2002,67.9,120,0
2.8,16,11725.55,"Professional",2002,70.34,128,0
1.66,12,9834,"Buisness",1997,70.37,124,2
2.16,12,9776.54,"STEM",1973,68.48,124,1
2.14,22,13198.67,"Vocational",2011,65.92,122,0
2.4,22,13216.42,"Vocational",1961,69.57,121,3
2.2,6,5039.98,"Other",1965,68.52,128,1
2.82,14,9718,"Buisness",2011,69.51,121,1
2.66,3,11725.42,"Professional",1990,73.19,120,0
2.68,56,13275.64,"Vocational",1998,67.01,120,0
3.27,8,10319.9,"Humanities",1979,64.73,122,0
1.98,48,10195.38,"Humanities",2003,64.38,120,1
2.02,16,11777.67,"Professional",1999,73.18,125,1
3.1,15,9698.78,"STEM",2011,69.27,123,1
3.73,3,13377.49,"Vocational",1967,66.56,121,2
3.54,28,10354,"Buisness",1990,71.01,125,0
3.2,8,13325.33,"Vocational",2009,69.88,121,1
2.36,0,10230.8,"Humanities",1971,66.85,122,0
2.77,0,10277,"Buisness",1978,65.34,120,0
1.3,15,10139.15,"Humanities",1964,67.82,123,1
2.49,3,9751,"Buisness",1961,66.98,123,1
1.97,11,10197,"Buisness",1976,70.44,120,2
2.48,7,9751.06,"STEM",1993,70.32,124,2
2.24,14,10213.78,"Humanities",2011,68.67,120,2
2.7,33,11725.67,"Professional",1998,67.8,122,2
1.98,7,5067.8,"Other",1983,64.77,122,1
2.85,21,9716.69,"STEM",1977,69.69,121,0
1.96,32,11794.37,"Professional",1997,66.83,121,0
1.22,0,5003.99,"Other",1967,68.5,122,1
2.24,26,11780.37,"Professional",1975,67.71,121,0
2.55,5,11747.54,"Professional",2013,68.15,123,1
1.49,16,13152.01,"Vocational",1961,68.93,125,1
2.83,35,13302.43,"Vocational",2000,69.02,121,0
2.73,3,10273.9,"Humanities",1991,70.24,120,1
2.71,10,13289.03,"Vocational",2004,68.15,128,1
3.4,6,9670.58,"STEM",1981,71.01,120,0
2.48,7,13237.91,"Vocational",2009,70.03,123,2
2.45,19,13258.84,"Vocational",1991,63.7,122,0
1.7,6,13165.52,"Vocational",1962,70.67,122,3
2.13,40,13207.88,"Vocational",2007,62.87,122,0
3.22,21,13312.95,"Vocational",1991,66.65,120,2
2.12,2,11802.48,"Professional",1996,67.54,122,1
2.2,26,5679.54,"Other",2002,68.11,123,0
2.62,26,13269.2,"Vocational",2000,66.57,123,4
3.02,25,10293.7,"Humanities",1991,65.36,121,1
3.09,19,5371.14,"Other",2003,68.04,122,0
1.95,49,11820.53,"Professional",1972,68.33,123,1
2.11,15,9774.63,"STEM",2015,66.78,125,1
2.53,57,10240.22,"Humanities",1970,70.69,120,2
2.25,20,10220.94,"Humanities",2011,68.72,122,0
2.69,10,9737.31,"STEM",1986,69.44,126,2
2.3,8,9770,"Buisness",1965,65.85,122,0
2.68,2,13269.24,"Vocational",2015,66.88,126,1
2.43,100,14989.2,"Other",1978,68.99,120,0
2.99,11,13297.81,"Vocational",1964,67.63,120,1
2.75,2,10275,"Buisness",1986,70.2,122,0
3.15,21,9685,"Buisness",2009,64.46,120,2
1.73,44,6938.18,"Other",2010,66.22,124,1
2.44,8,10237.63,"Humanities",1972,65.38,121,0
1.89,2,11814.48,"Professional",2002,68.03,121,1
2.79,6,13286.2,"Vocational",1991,66.79,120,2
2.37,9,9756.7,"STEM",1997,69.23,121,1
2.38,11,11759.22,"Professional",1996,67.15,121,1
2.22,64,10240.09,"Humanities",1991,69.08,120,2
2.15,42,10229.8,"Humanities",2014,66.17,122,0
3.24,12,13318.52,"Vocational",1993,67.77,126,0
2.74,16,10265.77,"Humanities",2005,64.67,121,0
2.32,16,11751.82,"Professional",1981,67.17,120,0
2.61,41,10278.53,"Humanities",1967,71.53,120,1
2.09,6,9798.79,"STEM",1962,68.46,123,1
2.3,16,10231.33,"Humanities",1983,69.12,123,1
2.39,28,9755.04,"STEM",2012,65.29,122,0
1.65,6,10143.04,"Humanities",1986,65.65,122,0
2.17,95,9791.52,"STEM",1990,67.53,121,1
2.69,1,10269,"Buisness",1962,67.73,121,1
1.99,8,11802.35,"Professional",2000,68.08,127,0
2.21,14,13224.12,"Vocational",1979,67.78,121,0
2.61,28,11733.27,"Professional",1974,66.54,120,0
2.02,11,13184.28,"Vocational",1994,69.82,121,2
1.48,7,10158.47,"Humanities",1983,68.04,120,3
2.65,26,9749.97,"STEM",1993,66.08,122,2
2.75,18,11725.64,"Professional",1969,67.5,120,0
2.45,89,10262.08,"Humanities",2015,69.59,120,0
2.61,5,9743.12,"STEM",1967,71.62,121,2
2.64,4,9740.57,"STEM",1990,66.53,120,0
1.87,21,11832.72,"Professional",2001,67.83,121,0
2.76,4,10269.08,"Humanities",1971,67.94,124,1
2.31,0,11759.24,"Professional",1966,68.11,125,3
3.11,17,10312.47,"Humanities",2004,64.63,121,1
2.74,50,13265.9,"Vocational",1981,67.34,122,1
1.82,8,5079.51,"Other",1990,66.07,124,0
2.5,20,10267.32,"Humanities",1966,70.95,131,1
2.33,32,11771.18,"Professional",1974,68.02,121,1
2.61,9,11743.48,"Professional",2015,70.44,120,2
2.6,5,9755.32,"STEM",1973,66.27,123,0
2.81,24,5579.97,"Other",1969,68.87,120,0
1.84,1,10195.5,"Humanities",2008,69.67,125,0
3.11,18,9689,"Buisness",1999,68.83,121,1
2.5,29,10260.63,"Humanities",1971,67.92,121,0
2.24,24,10201.82,"Humanities",2006,65.6,122,0
2.88,27,13293.12,"Vocational",1975,69.15,121,1
1.43,4,11870.46,"Professional",1990,67.45,123,0
2.23,11,10246.09,"Humanities",1997,70.97,123,1
2.31,6,10231,"Buisness",1980,66.79,122,0
3.23,22,10332.84,"Humanities",1989,69.16,123,4
2.55,7,13225.29,"Vocational",1969,63.88,121,0
2.45,5,9743.21,"STEM",1982,67.49,120,2
2.47,15,11769.33,"Professional",1979,66.77,121,1
1.61,11,11862.99,"Professional",1981,65.2,120,1
2.6,11,13277.22,"Vocational",2004,69.94,124,0
2.79,14,10289.39,"Humanities",1995,69.5,122,1
1.88,8,9823.84,"STEM",1971,64.09,121,1
2.15,3,5026.08,"Other",2005,70.19,122,0
1.88,18,10163.79,"Humanities",2003,66.24,121,0
3.07,63,8982.43,"Other",1981,67.87,122,0
1.8,51,7568.85,"Other",1972,68.53,120,1
2.8,21,9703.86,"STEM",2007,68.16,127,3
2.16,0,9784,"Buisness",2015,67.01,121,0
2.06,14,11823.1,"Professional",1998,68.25,121,3
2.39,16,13245.49,"Vocational",1990,67.41,121,1
2.88,34,11713.68,"Professional",2015,68.12,120,1
2.87,6,13283.54,"Vocational",2005,70.46,121,2
2.75,24,10275.08,"Humanities",2012,66.67,122,0
2.75,35,13274.55,"Vocational",1978,67.14,122,1
1.06,14,9904.83,"STEM",1977,68.94,120,1
2.58,8,5072.01,"Other",1980,68.82,124,1
1.94,25,11793.08,"Professional",2015,68.03,121,1
1.7,35,10170,"Buisness",2006,69.8,121,0
1.97,0,4996.66,"Other",2013,69.18,120,1
2.96,2,11706.68,"Professional",1963,70.69,120,1
2.5,15,10245.71,"Humanities",1985,67.77,120,1
2.34,19,13243.29,"Vocational",1965,72.61,120,1
2.12,29,11796.69,"Professional",2000,70.68,120,2
2.51,13,9749,"Buisness",2015,68.25,122,0
3.4,27,5732.59,"Other",1965,67.61,125,1
2.69,5,9731.24,"STEM",2015,68.25,121,0
2.37,3,9763,"Buisness",1997,70.27,120,1
1.97,2,5005.36,"Other",1967,67.9,120,1
2.12,58,10208.32,"Humanities",1984,69.24,120,2
3.44,23,13335.66,"Vocational",2002,69.31,121,1
2.33,19,9788.25,"STEM",1967,65.56,121,5
2.63,31,10261.34,"Humanities",1985,69.33,120,1
2.05,22,10210.93,"Humanities",1973,70.9,121,0
2.04,19,11790.69,"Professional",1995,65.86,121,1
2.21,5,5027.76,"Other",2003,69.94,121,1
1.91,16,13172.08,"Vocational",1961,68.49,121,1
3.22,10,9689.53,"STEM",1974,66.41,124,1
2.32,33,6092.19,"Other",2014,67.1,121,0
2.91,47,10291,"Buisness",1972,68.72,122,1
2.66,7,5047.98,"Other",1961,67.09,123,4
2.37,2,11756.85,"Professional",1993,64.69,122,3
2.7,37,11733.23,"Professional",1987,68.65,122,4
1.61,40,9849.8,"STEM",1995,68.79,122,1
3.01,16,10311.04,"Humanities",1998,64.44,123,0
2.99,37,10288.21,"Humanities",2000,64.71,122,1
2.91,21,13298.28,"Vocational",2007,66.77,121,0
2.77,5,10269.94,"Humanities",1983,66.18,121,0
2.44,28,13244.01,"Vocational",1998,68.68,122,0
3.11,11,10329.09,"Humanities",1995,66.12,122,1
1.99,3,10188.59,"Humanities",1998,67.95,120,0
2.52,4,10263.88,"Humanities",2014,67.53,121,1
3.38,64,9662.77,"STEM",1989,66.77,120,0
2.17,18,11773.1,"Professional",2000,67.2,122,1
2.42,1,9760.81,"STEM",1973,72.73,120,0
1.8,16,5250,"Other",2000,65.46,121,1
3.64,33,10357.07,"Humanities",2005,65.64,121,0
2.45,28,10233.47,"Humanities",1988,66.38,121,1
2.47,25,10256.13,"Humanities",1982,69.24,121,0
2.33,50,10216.02,"Humanities",1997,66.8,120,0
2.92,22,11716.51,"Professional",1991,67.49,120,1
2.23,43,10221.83,"Humanities",1983,66.53,122,4
2.8,8,9720,"Buisness",2007,70.54,125,1
2.7,7,10265.47,"Humanities",1993,69.52,120,0
2.89,26,10278.68,"Humanities",1982,66.97,122,0
3.08,15,5193.88,"Other",1976,70.76,121,0
1.73,0,10168.11,"Humanities",1996,70.68,120,0
2.24,39,11776.07,"Professional",1990,65.79,121,0
2.66,23,5531.38,"Other",1999,70.89,122,3
2.65,24,13281.4,"Vocational",1967,69.07,120,0
2.62,0,13260.98,"Vocational",1968,68.17,121,0
2.45,6,5036.07,"Other",1976,66.38,121,0
2.7,7,11741.29,"Professional",2003,70.99,120,6
3.06,20,11693.31,"Professional",2008,69.85,127,2
2.09,13,10203.21,"Humanities",1970,70.21,121,2
2.51,4,11749.13,"Professional",1991,69.1,122,0
2.8,83,10280,"Buisness",2010,66.64,124,2
2.2,41,9771.94,"STEM",1979,69.47,126,3
2.24,8,9762.62,"STEM",1983,68.62,122,1
2.1,56,11782.18,"Professional",1979,69.11,125,2
2.18,32,6014.47,"Other",2003,66.45,121,3
2.37,34,11767.32,"Professional",1980,69.59,125,1
2.17,5,5017.58,"Other",1972,67.9,121,2
3.4,17,10329.92,"Humanities",1995,67.71,124,1
3.45,3,5022.51,"Other",1969,68.26,121,0
2.18,11,13217.7,"Vocational",1991,65.18,121,2
2.28,13,11782.36,"Professional",2006,69.73,123,1
2.23,2,11781.54,"Professional",1980,66.62,120,2
1.91,48,9803.35,"STEM",2000,70.29,123,0
2.65,2,9726.3,"STEM",1983,67.57,121,1
2.85,21,13278.7,"Vocational",1994,68.85,122,0
2.99,17,9701,"Buisness",1965,69.28,122,1
2.57,37,11730.45,"Professional",1979,66.44,123,1
1.82,63,11826.26,"Professional",2002,69.03,121,1
2.62,4,11733.97,"Professional",1995,66.27,122,2
3.01,40,13313.99,"Vocational",2010,64.99,121,0
2.88,18,13289.16,"Vocational",1987,67.6,121,1
2.15,7,11784.73,"Professional",1976,69.5,120,0
2.51,6,5028.16,"Other",2003,67.36,130,0
1.86,2,9814,"Buisness",1993,67.65,136,0
1.96,2,5000.73,"Other",1961,74.05,120,1
2.29,23,13226.69,"Vocational",1980,66.8,121,0
2.33,24,10247.49,"Humanities",1979,67.55,120,2
2.39,48,10245.25,"Humanities",1963,69.12,126,0
2.75,4,11718.99,"Professional",1973,64.65,123,1
2.04,8,13218.77,"Vocational",1980,68.49,121,0
2.31,1,9764.87,"STEM",1974,66.93,122,1
2.83,25,10269.88,"Humanities",1974,72.09,125,2
2.64,13,10264,"Buisness",2002,66.21,121,0
2.39,7,5050.49,"Other",2015,67.91,122,1
2.4,17,11752.23,"Professional",2007,67.45,120,0
2.78,1,11712.04,"Professional",1966,66.92,123,0
2.61,8,9730.1,"STEM",2014,66.7,124,0
2.66,1,11726.93,"Professional",2005,70.26,121,1
2.72,3,10276.1,"Humanities",1976,67.11,120,1
2.96,28,10290.56,"Humanities",2004,66.88,120,0
1.71,4,13165.57,"Vocational",2015,68.82,121,1
2,14,9797.68,"STEM",2000,67.73,120,2
1.83,47,11790.54,"Professional",1993,65.19,123,1
2.49,1,5016.05,"Other",1994,68.27,122,1
2.2,6,5043.81,"Other",1963,65.41,120,3
2.24,23,9776,"Buisness",1983,66.12,120,2
2.71,27,10271,"Buisness",1978,70.42,121,1
2.73,11,9742.47,"STEM",1998,66.92,120,0
1.52,3,10149.46,"Humanities",1978,69.52,121,0
2.65,1,9722.23,"STEM",1993,64.17,121,1
2.81,27,13269.65,"Vocational",2011,70.44,121,0
3.17,37,10320.44,"Humanities",1982,70.75,120,1
2.83,12,10295.76,"Humanities",1978,68.45,123,0
2.34,26,11766.22,"Professional",1972,67.89,121,0
2.15,2,9777.16,"STEM",2013,66.47,121,2
2.01,5,5023.05,"Other",2012,65.95,122,1
2.03,4,5027.33,"Other",2013,64.85,122,1
2.56,27,13241.55,"Vocational",2004,69.1,127,2
3.17,4,11691.01,"Professional",1992,65.48,122,0
2.74,0,11726.71,"Professional",1965,68.92,121,0
2.74,22,10269.9,"Humanities",1976,66.72,121,0
2.68,13,11723.19,"Professional",2008,65.84,121,1
2.44,10,13237.89,"Vocational",1976,69.31,121,0
1.88,93,9817.03,"STEM",1982,69.32,122,1
3.09,32,6023.75,"Other",1973,70.12,121,2
2.89,44,10289,"Buisness",1964,69.2,121,0
2.38,5,10265.32,"Humanities",1962,66.88,120,1
3.4,9,13337.36,"Vocational",1963,67.15,120,0
1.04,11,11896.78,"Professional",1991,67.56,121,1
1.62,25,5617.38,"Other",1996,67.43,122,1
2.14,38,10211.91,"Humanities",1997,68.03,120,0
1.93,16,11800.25,"Professional",1993,71.37,120,0
2.61,22,11730.31,"Professional",1984,67.27,120,2
3.28,12,10328.49,"Humanities",1979,66.59,125,0
2.27,11,9773,"Buisness",1979,67.41,123,1
2.31,5,10210.11,"Humanities",1994,65.68,122,0
2.85,48,13278.11,"Vocational",1991,66.51,120,1
2.2,10,9780,"Buisness",1979,68.87,126,6
1.88,14,13168.12,"Vocational",2014,67.21,121,0
2.8,10,9705.19,"STEM",1981,70.62,120,2
2.73,26,11727.45,"Professional",2000,67.93,123,0
3.01,60,10291.23,"Humanities",1992,65.22,120,0
2.49,8,9758.75,"STEM",2001,70.14,125,1
2.01,16,9802.09,"STEM",1973,70.33,122,2
1.72,10,9814.9,"STEM",2003,69.67,125,0
3.45,14,11640.53,"Professional",1965,67.29,123,1
1.96,16,9804,"Buisness",2005,67.43,121,2
2.33,6,9767,"Buisness",1977,67.75,120,0
2.55,60,9752.49,"STEM",1979,70.56,120,0
2.94,7,9706,"Buisness",1971,69.84,122,0
2.61,4,11739.95,"Professional",1989,65.92,127,0
3.33,48,11658.1,"Professional",1969,64.92,121,0
2.88,44,13277.16,"Vocational",2010,67.48,121,0
2.23,8,11768.05,"Professional",1984,66.68,121,4
2.51,39,11739.22,"Professional",1988,67.71,122,2
2.26,31,9777.35,"STEM",1968,68.61,121,1
1.79,0,10173.44,"Humanities",1971,68.91,131,2
2.26,20,10246.1,"Humanities",2008,67.4,121,2
2.14,63,9771.39,"STEM",1976,66.56,120,2
3.03,44,13285.66,"Vocational",1971,68.19,121,1
2.33,4,10260.45,"Humanities",1971,68.52,120,3
2.52,9,9737.92,"STEM",2008,68.23,122,2
1.84,2,9808.51,"STEM",1972,66.33,121,0
2.66,12,13253.83,"Vocational",1983,67.14,120,4
2.87,51,13302.99,"Vocational",1993,69.7,120,1
3.06,2,5016.9,"Other",1978,66.02,120,0
1.83,25,11818.07,"Professional",1990,69.74,121,0
2.76,2,13289.39,"Vocational",1964,68.52,120,1
2.34,21,9763.03,"STEM",2012,68.75,124,1
2.84,24,5575.33,"Other",2009,68.77,120,2
2.59,5,10263.47,"Humanities",1981,66.33,123,2
2.53,15,9739.23,"STEM",1964,64.55,123,0
1.97,54,9803,"Buisness",1971,70.69,122,0
2.1,16,13210.17,"Vocational",1965,69.54,120,1
2.75,7,9745.69,"STEM",1984,69.52,123,0
2.07,1,9805.39,"STEM",1970,71.09,120,0
2.7,5,10272.98,"Humanities",1986,68.01,121,1
2.68,3,11729.85,"Professional",1997,64.53,121,1
2.78,40,13288.57,"Vocational",1969,65.83,121,1
2.39,77,10230.72,"Humanities",2013,66.7,121,0
1.86,4,9815.89,"STEM",2001,67.76,126,1
2.31,0,10249.84,"Humanities",1987,69.67,122,1
3.05,21,11713.87,"Professional",2002,67.75,121,0
1.85,3,10172.15,"Humanities",1995,68.7,121,0
2.02,19,9802.1,"STEM",1990,69.04,121,0
2.78,64,10270.4,"Humanities",1968,72.59,126,1
2.19,49,11766.25,"Professional",1988,63.57,121,0
2.7,3,5016.5,"Other",1981,69.67,121,1
1.91,58,9809,"Buisness",1963,68.48,122,1
2.77,42,13277.42,"Vocational",1985,68.33,121,1
2.92,7,13283.62,"Vocational",1984,67.86,122,3
2.76,15,9722.92,"STEM",1977,67.01,126,1
2.58,35,9756.8,"STEM",1967,68.75,120,2
2.55,4,9735.57,"STEM",1962,66.24,124,0
2.39,11,13249.38,"Vocational",1973,69.01,121,1
2.74,17,10281.19,"Humanities",1964,65.81,120,0
2.58,10,9743.55,"STEM",1974,67.31,121,0
2.04,9,11813.03,"Professional",1980,66.02,120,1
2.97,39,6517.12,"Other",1986,65.66,123,1
2.33,4,13232.6,"Vocational",2010,67.68,121,0
2.66,8,11719.9,"Professional",1991,70.02,121,1
1.47,66,11840.82,"Professional",2000,68.34,122,1
3.03,5,9704.42,"STEM",1996,71.3,120,2
2.68,27,11726.13,"Professional",1982,67.31,123,3
2.48,37,10242.9,"Humanities",1994,65.7,121,1
2.39,19,5361.15,"Other",1990,69.04,129,1
2.16,32,10214.41,"Humanities",1984,67.89,123,1
2.57,34,6163.73,"Other",1967,65.06,121,0
2.28,38,9772,"Buisness",1979,66.98,121,3
2.3,28,13238.56,"Vocational",1968,69.64,120,0
2.22,11,10222,"Buisness",1976,64.43,121,0
3.44,7,13323.8,"Vocational",1974,67.8,121,0
2.01,50,10209.06,"Humanities",1996,64.45,120,0
2.51,23,11766.65,"Professional",2009,68.27,122,1
2.36,5,13238.82,"Vocational",1992,68.9,121,2
2.14,44,11799.83,"Professional",1982,70.57,123,0
2.55,16,13256.37,"Vocational",1997,66.58,123,1
2.58,5,9719.11,"STEM",2006,68.18,121,1
2.18,4,13203.1,"Vocational",2009,67.86,122,0
3.44,11,11648.43,"Professional",1988,66.61,124,1
3.24,27,11685.44,"Professional",1973,68.59,126,1
3.34,47,10340.38,"Humanities",1977,69.49,120,2
2.72,3,13253.59,"Vocational",2003,69.07,124,0
3.56,15,9634.88,"STEM",1991,66.91,121,0
2.86,16,10288.06,"Humanities",1976,66.85,121,0
2.15,14,9783.52,"STEM",1976,69.03,122,2
2.68,20,11733.64,"Professional",1988,65.67,121,1
2.57,39,9740.65,"STEM",1997,70.23,120,1
2.87,10,13296.4,"Vocational",1967,66.93,120,1
2.99,38,11699.98,"Professional",2013,69.62,123,0
2.09,2,10216.51,"Humanities",1981,68.89,120,1
2.36,4,11769.96,"Professional",1997,65.12,121,0
2.99,21,9700.02,"STEM",1988,65.94,121,0
2.23,10,9769.53,"STEM",1972,68.35,123,1
1.69,1,10180.45,"Humanities",1970,67.98,121,4
2.32,17,9768,"Buisness",1969,67.33,122,1
2.72,49,13279.02,"Vocational",1966,67.87,123,1
2.83,22,10273.55,"Humanities",2000,69.56,122,1
2.94,22,9698.83,"STEM",1981,70.66,122,0
3.1,35,11700.27,"Professional",2015,68.18,123,0
2.7,24,13270.13,"Vocational",1983,68.13,122,0
3.25,6,13324.25,"Vocational",1994,72.6,120,0
2.76,8,9709.09,"STEM",2007,65.43,120,2
2.17,23,11785.17,"Professional",2005,67.41,121,0
3.34,0,9666,"Buisness",2009,66.2,121,1
1.42,26,10138.9,"Humanities",1971,71.03,120,0
2.65,69,10288.65,"Humanities",1964,66.26,123,1
2.56,32,10256,"Buisness",1966,65.21,121,1
2.23,15,9781.24,"STEM",2010,68.53,121,0
1.63,27,13163.32,"Vocational",1998,69.15,124,0
2.53,62,9745.89,"STEM",2005,68.53,122,2
2.97,14,9703.66,"STEM",1981,66.75,120,0
1.82,9,11818.36,"Professional",1971,69.5,120,1
2.36,20,10241.98,"Humanities",1983,67.42,121,1
2.48,68,9605.84,"Other",1980,67.86,120,2
2.33,10,10224.98,"Humanities",1976,69.97,123,0
2.74,19,11724.61,"Professional",1990,65.19,121,0
2.54,5,11763.33,"Professional",2005,69.32,120,1
2.4,1,10245.78,"Humanities",1963,67.18,121,2
2.19,16,13232.13,"Vocational",1965,66.79,123,1
2.19,23,13224.4,"Vocational",1981,68.86,122,1
1.53,12,10137.02,"Humanities",1987,68.56,121,0
2.65,21,5447.72,"Other",2015,64.65,121,0
2.28,53,9796.99,"STEM",1974,67.91,121,1
2.27,50,11784.09,"Professional",1998,66.14,121,1
2.48,1,5009,"Other",1988,69.59,122,0
2.2,8,11779.64,"Professional",1988,67.73,121,0
1.77,3,5008,"Other",1975,65.67,122,1
1.95,16,9805,"Buisness",1993,70.38,121,3
2.51,34,9743.08,"STEM",2002,68.73,124,0
2.58,55,9737.25,"STEM",1968,69.63,121,1
2.03,22,13197.6,"Vocational",1983,67.47,127,0
2.39,78,10233.94,"Humanities",2000,67.92,127,0
2.68,5,9735.98,"STEM",1985,71.09,124,0
3.22,20,13326.5,"Vocational",2006,67.43,121,0
1.92,31,9796.89,"STEM",1967,69.81,122,1
2.34,8,10241.06,"Humanities",1986,67.33,123,0
2.39,8,9773.35,"STEM",1982,66.15,124,0
2.87,20,10281.1,"Humanities",2009,71.07,121,0
2.8,2,9716.07,"STEM",2015,67.79,120,1
2.02,16,10202,"Buisness",2004,63.07,120,0
2.23,2,11764.78,"Professional",2004,68.91,121,2
3.11,38,10312.76,"Humanities",1980,67.98,121,0
2.43,5,11769.22,"Professional",2012,66.72,121,3
3.44,8,9641.66,"STEM",2009,65.4,127,2
2.25,8,5060,"Other",1974,67.95,120,1
2.04,11,13208.17,"Vocational",1970,68.32,122,0
2.31,3,5012.6,"Other",2007,69.4,130,0
3.57,0,13366.33,"Vocational",2005,71.04,127,1
2.91,14,10278.7,"Humanities",2009,72.53,120,3
2.71,7,10271.17,"Humanities",1993,70.04,120,1
2.63,2,5005.97,"Other",1986,68.1,124,2
1.88,31,10182.02,"Humanities",1995,68.51,124,1
2.28,10,13216.9,"Vocational",2005,69.96,121,0
2.79,31,9721,"Buisness",1989,70.09,122,0
2.33,20,9763.41,"STEM",2002,67.54,121,2
3.03,27,10303,"Buisness",1998,67.5,121,0
2.42,13,13244.77,"Vocational",2003,69.37,122,0
1.77,25,10168.23,"Humanities",2011,69.14,122,3
2.43,3,4999.43,"Other",2007,68.45,123,0
2.73,1,13277.05,"Vocational",1977,66.92,122,0
1.49,31,10151.74,"Humanities",1969,64.29,125,0
2.44,52,10256.11,"Humanities",2015,64.94,120,2
2.36,18,10232.89,"Humanities",1980,69.63,120,1
3.33,37,13333.48,"Vocational",1995,65.63,122,0
3.16,17,9678.83,"STEM",1964,72.9,123,2
2.81,19,10265.34,"Humanities",1978,65.03,122,0
1.55,38,10145.92,"Humanities",2006,68.77,122,1
2.71,11,13261.64,"Vocational",1971,67.25,121,0
2.99,15,5233.45,"Other",2000,67.54,122,2
2.44,31,9756,"Buisness",1961,65.92,120,1
2.93,2,11703.02,"Professional",2001,67.54,120,2
2.91,9,10278.18,"Humanities",1974,67.12,123,0
2.81,1,11713.7,"Professional",1961,71.72,121,0
2.58,16,9724.64,"STEM",1965,67.91,120,0
2.28,7,5049.96,"Other",2014,67.87,120,2
2.23,34,6166.82,"Other",1995,69.69,121,0
1.48,12,11881.14,"Professional",2013,67.5,120,2
1.43,19,10152.93,"Humanities",1973,69.47,120,2
2.51,18,10240.74,"Humanities",1980,67.9,124,1
1.75,6,5035.98,"Other",1991,66.62,121,1
1.73,19,11830.69,"Professional",1981,69.99,120,1
2.12,105,13219.33,"Vocational",1963,67.52,124,1
2.65,5,10263.07,"Humanities",2006,67.91,120,0
2.32,10,11768.11,"Professional",1969,65.85,121,0
2.4,3,9760,"Buisness",2007,64.84,121,3
3.01,4,11712.49,"Professional",1989,66.43,122,2
3.04,20,9702.48,"STEM",1975,71.76,130,2
1.72,3,10172,"Buisness",1986,68.95,120,3
2.41,26,13233.75,"Vocational",2000,67.6,121,0
1.85,49,7413.63,"Other",1987,68.35,125,0
2.96,34,9698.12,"STEM",1974,68.14,121,1
2.6,6,13259.61,"Vocational",1996,68.95,120,1
2.28,23,13248.34,"Vocational",1961,65.07,122,3
2.08,52,9785.85,"STEM",1993,67.36,122,0
3.14,21,11682.72,"Professional",1969,67.4,121,1
2.73,41,9746.66,"STEM",1979,67.79,120,0
2.15,9,9802.81,"STEM",1963,68.61,120,0
1.81,45,10188.11,"Humanities",1995,72.72,121,1
2.3,1,10230,"Buisness",1992,70.14,120,1
1.98,5,13178.45,"Vocational",1998,66.19,120,0
2.86,2,10286,"Buisness",2006,64.52,120,1
2.33,67,11766.49,"Professional",1969,65.78,120,0
2.64,12,9749.42,"STEM",1972,69.44,125,0
2.97,5,11676.56,"Professional",1979,68.31,121,1
1.98,18,11807.55,"Professional",1964,67.35,120,6
2.84,5,9708.67,"STEM",2003,70.09,121,0
2.12,27,5717.64,"Other",1979,63.16,121,1
2.44,44,6957.96,"Other",1977,68.42,126,1
2.74,0,9737.62,"STEM",1997,65.03,121,2
2.59,13,9741,"Buisness",1981,69.18,120,3
3.4,41,6694.9,"Other",1995,70.07,121,0
2.92,19,11719.06,"Professional",2009,68.09,122,4
2.28,12,13225.15,"Vocational",1978,70.6,124,1
2.25,36,9775.91,"STEM",1985,68.26,121,2
1.83,3,13197.87,"Vocational",1969,65.15,121,0
2.84,16,10294.8,"Humanities",1968,67.45,122,3
2.6,13,9748.08,"STEM",1979,67.57,120,0
1.47,7,9843.61,"STEM",1983,68.29,123,1
2.59,9,5084.79,"Other",1974,72.11,120,0
2.95,16,13282.9,"Vocational",1998,67.88,124,0
2.85,37,11730.55,"Professional",2006,65.88,121,0
2.77,43,13282.48,"Vocational",2002,63.68,120,1
3.07,47,10307,"Buisness",2002,66.76,125,1
2.54,25,10244.9,"Humanities",1962,66.83,121,2
1.59,10,9840.38,"STEM",1962,67.46,120,3
2.38,10,10238,"Buisness",2008,67.63,120,1
1.52,4,5020.3,"Other",1961,69.81,122,0
2.46,36,9757.8,"STEM",2008,66.61,122,0
2.6,58,10256.42,"Humanities",2006,68.47,120,0
2.42,17,10231.64,"Humanities",2005,69.85,120,0
2.94,51,11716.18,"Professional",1971,67.31,121,0
1.3,24,10120.95,"Humanities",1976,69.83,121,0
2.53,17,13233.96,"Vocational",1975,65.32,121,0
1.76,1,13167.99,"Vocational",1986,70.47,121,0
2.49,5,9751.62,"STEM",1972,65.6,127,0
2.7,11,10270.9,"Humanities",1973,66.78,123,3
2.72,32,10260.58,"Humanities",2005,66.7,125,0
2.78,7,10292.32,"Humanities",1965,73.65,120,1
2.46,1,9753.1,"STEM",1966,67.63,121,0
2.14,31,9795.32,"STEM",1979,65.45,121,1
2.77,45,11714.21,"Professional",2011,66.7,122,0
3.82,6,9618,"Buisness",1987,67.66,123,2
2.68,9,5092.67,"Other",1970,67.37,122,0
2.39,8,5063.21,"Other",2010,66.27,122,0
1.79,4,9821,"Buisness",1971,69.29,123,1
2.74,8,13276.22,"Vocational",2005,64.8,121,0
2.15,31,10208.85,"Humanities",1967,66.97,122,3
2.95,27,11707.35,"Professional",1995,68.66,123,1
2.87,5,13286.5,"Vocational",1989,66.81,124,5
2.43,5,13243.8,"Vocational",1971,66.32,121,1
1.93,3,9807,"Buisness",1985,69.3,126,1
2.36,1,11762.7,"Professional",1979,68.4,120,0
2.54,67,11740.79,"Professional",1977,69.36,123,0
2.83,6,13266.71,"Vocational",2013,70.09,122,1
1.87,12,9793.37,"STEM",2000,70.52,120,1
2.85,7,11722.6,"Professional",1980,66.51,126,1
2.35,16,5247.87,"Other",1991,69.27,122,2
2.34,36,10242.86,"Humanities",1998,68.02,121,0
2.44,28,10240,"Humanities",1997,66.97,120,1
3.15,23,13321.75,"Vocational",2001,67.24,122,0
1.98,98,11781.62,"Professional",2006,69.14,121,0
2.88,9,5069.25,"Other",2004,69.71,123,0
1.93,2,10206.47,"Humanities",1974,68.8,120,1
3.04,12,10301.68,"Humanities",1965,68.01,120,0
2.75,2,9731.04,"STEM",1990,66.07,121,4
2.91,6,5039.44,"Other",2000,66.32,121,0
2.53,7,10256.99,"Humanities",1977,66.56,122,2
2.58,13,10260.9,"Humanities",2007,72.79,121,0
2.76,12,13281.47,"Vocational",1974,70.26,121,2
1.64,21,10167.44,"Humanities",1990,71.99,123,1
3.03,63,13296.85,"Vocational",1997,67.35,121,0
2.96,2,10296,"Buisness",1998,67.04,126,1
2.43,3,10254.14,"Humanities",1978,72.59,124,4
2.44,53,10243.46,"Humanities",1968,66.17,124,2
2.8,4,11725.64,"Professional",2015,67.09,130,1
2.95,2,10288.68,"Humanities",1986,65.09,121,1
2.26,5,13227.78,"Vocational",1986,66.66,120,0
2.1,3,10190.02,"Humanities",1975,65.86,130,2
3.09,39,6499.72,"Other",1994,68.15,121,0
2.19,7,9784.39,"STEM",1981,67.66,122,0
3.27,27,13338.11,"Vocational",2010,67.03,121,1
1.73,44,9838.09,"STEM",1967,66.51,120,0
2.57,17,11741.91,"Professional",1971,68.28,121,0
2.63,7,9746.8,"STEM",2008,66.42,122,1
2.63,16,11742.01,"Professional",1962,67.32,120,0
3.42,9,11661.28,"Professional",1980,71.92,121,0
2.34,5,13239.73,"Vocational",1999,65.94,124,7
2.79,29,10275.89,"Humanities",1972,64.23,120,1
2.8,2,9715.4,"STEM",1995,66.42,121,0
3.11,36,10299.96,"Humanities",2014,67.85,123,1
2.79,37,9721,"Buisness",1977,65.81,121,0
1.85,2,10194.84,"Humanities",1993,68.02,122,0
2.09,41,10209.73,"Humanities",1961,66.57,122,1
2.58,6,10255.38,"Humanities",1982,68.54,122,1
2.65,64,11732.47,"Professional",2015,65.88,121,2
3.13,27,9687.22,"STEM",1983,66.88,121,0
1.46,2,11864.68,"Professional",1983,71.83,122,1
2,60,13195.46,"Vocational",1987,67.62,121,1
2.63,35,13257.94,"Vocational",2015,68.52,126,0
1.95,12,13184.09,"Vocational",1970,70.51,120,1
3.05,4,11692.76,"Professional",1966,69.29,120,0
2.34,25,13228.24,"Vocational",2012,66.45,122,1
2.23,9,11768.19,"Professional",2007,71.2,121,2
3.2,28,10320,"Buisness",1974,68.82,120,3
3.21,10,13323.07,"Vocational",1986,70.36,125,2
2.78,0,4988.05,"Other",1973,69.26,122,0
2.42,40,6604,"Other",1962,64.08,120,1
2.21,20,9766.7,"STEM",1997,65.37,121,1
2.52,12,5156.71,"Other",1971,67.17,120,1
3.22,14,5200.37,"Other",1963,66.02,121,1
2.19,22,13214.3,"Vocational",1994,70.81,120,0
2.92,1,10292.71,"Humanities",2013,67.09,120,1
2.74,5,11737.1,"Professional",1968,66.96,120,1
2.77,0,10292.8,"Humanities",1980,67.27,125,0
2.48,32,13239.45,"Vocational",2009,68.38,120,0
3.03,19,9705.33,"STEM",1974,69.11,124,1
2.61,0,13282.96,"Vocational",1987,68.97,121,1
2.07,3,13214.25,"Vocational",1964,70.83,121,1
3.14,3,9695.68,"STEM",1995,68.57,121,1
1.9,61,9803.79,"STEM",1986,66.32,120,1
2.18,2,13198.32,"Vocational",1971,69.72,120,0
2.72,17,5287.63,"Other",1967,67.05,122,2
3.32,38,9686.45,"STEM",2011,70.12,123,3
1.83,24,10174.85,"Humanities",1974,69.97,124,1
2.97,15,5238.71,"Other",1972,65.68,124,1
2.51,12,10264.59,"Humanities",1973,67.87,120,0
1.76,10,10169.23,"Humanities",1988,73.03,121,0
2.46,13,9754.56,"STEM",2000,69.06,121,0
2.06,20,10198.13,"Humanities",1969,68.59,122,0
2.81,25,10273.18,"Humanities",2014,72.06,121,0
2.44,84,10253.43,"Humanities",2011,67.36,123,1
2.03,4,10203,"Buisness",1968,63.88,125,1
2.5,28,11742.81,"Professional",1986,66.97,122,1
2.1,4,9796.25,"STEM",2001,68.9,122,0
2.13,2,11780.2,"Professional",2009,66.51,120,1
2.25,35,9763.61,"STEM",1966,67.82,120,0
2.6,8,10267.57,"Humanities",1994,67.54,121,1
2.53,18,9742.89,"STEM",1989,68.64,120,0
2.16,20,10214.08,"Humanities",1995,65.44,121,0
2.33,4,9781.65,"STEM",1975,68.41,122,0
1.83,19,13188.22,"Vocational",1987,71.61,120,1
1.97,15,11799.16,"Professional",2015,69.11,120,0
1.86,14,10179.32,"Humanities",2006,69.35,120,2
2.75,1,10263.38,"Humanities",1978,68.85,121,0
2.42,3,13240.35,"Vocational",1994,65.75,123,0
2.6,7,11757.77,"Professional",1981,67.67,124,1
2.98,36,11711.39,"Professional",1980,70.54,124,1
2.35,5,11758.63,"Professional",2004,65.13,122,2
3.28,41,11669.23,"Professional",1971,65.79,121,3
2.62,39,9732.09,"STEM",2007,68.56,122,0
2.57,14,10248.32,"Humanities",1983,68.49,123,0
2.25,35,6227.16,"Other",2001,71.08,121,4
2.32,77,9768,"Buisness",2003,70.31,123,0
2.91,27,10291,"Buisness",1994,68.94,122,2
1.85,72,11807.92,"Professional",1965,67.57,121,1
1.81,2,11806.55,"Professional",1965,68.12,121,0
2.8,45,13290.73,"Vocational",2007,68.61,122,0
2.38,26,10238.22,"Humanities",1966,68.26,125,1
2.92,9,11722.36,"Professional",1978,67.45,129,1
2.47,6,13249.77,"Vocational",2003,66.39,123,0
2.27,18,11762.4,"Professional",1964,70.21,121,0
2.72,23,9720.71,"STEM",2013,67.31,122,2
2.52,19,11758.08,"Professional",1977,66.31,123,0
2.95,0,10280.39,"Humanities",1993,68.25,121,1
2.3,10,9773.69,"STEM",1986,63.7,123,2
1.97,15,13180.45,"Vocational",1961,68.16,121,0
1.62,2,10163.9,"Humanities",1972,68.62,121,2
2.89,21,9695.19,"STEM",1961,65.16,122,1
1.79,2,11800.96,"Professional",1983,67.86,123,2
2.56,6,9744,"Buisness",1991,65.74,127,0
1.62,24,10162,"Buisness",1992,67.97,126,0
2.44,12,9753.97,"STEM",2011,67.1,122,1
2.22,8,11791.53,"Professional",1986,73.77,120,0
2.9,21,10290,"Buisness",1966,70.65,123,1
2.78,10,11722.92,"Professional",1975,72.51,120,1
2.34,35,10239.51,"Humanities",1984,64.44,123,0
2.07,0,4998.08,"Other",1961,67.36,122,1
2.29,0,13236.04,"Vocational",2001,68.81,122,1
2.81,45,9717.12,"STEM",1971,66.84,120,8
2.68,4,9723.35,"STEM",1985,68,121,2
2.17,58,9786.17,"STEM",2014,67.83,126,4
2.79,28,9717.02,"STEM",1971,68.53,120,2
2.64,38,10264,"Buisness",1978,67.93,121,2
2.25,13,10225,"Buisness",2012,68.62,121,0
2.42,4,5018.17,"Other",1976,65.27,124,0
2.3,15,10229.99,"Humanities",2014,68.13,121,0
2.14,22,11795.92,"Professional",1982,67.81,121,0
3.1,33,9691.29,"STEM",1997,67.21,120,0
3.13,15,11690.2,"Professional",1995,68.16,120,0
2.84,5,10276.44,"Humanities",1987,67.29,122,3
3.17,30,10317,"Buisness",1976,68.88,124,0
2.94,0,13283.41,"Vocational",1971,70.04,121,2
2.98,39,13293.94,"Vocational",1982,68.26,123,4
2.59,18,11747.95,"Professional",1971,68.26,126,3
3.11,15,10302.32,"Humanities",1971,69.5,131,0
2.92,7,9710.53,"STEM",2000,67.35,121,3
2.46,44,6941.61,"Other",2003,69.7,120,0
1.87,37,9807.5,"STEM",2015,71.09,120,4
1.95,25,9811.69,"STEM",1985,67.1,120,0
2.26,40,13229.4,"Vocational",1962,68.92,132,1
3.4,35,13333.73,"Vocational",1976,70.18,120,1
2.69,2,9728.94,"STEM",2009,68.64,120,0
2.77,18,13271.15,"Vocational",2014,65.85,120,0
2.54,24,10243.12,"Humanities",1971,70.43,121,1
2.67,9,13270.26,"Vocational",1973,70.94,126,0
2.19,31,10220.09,"Humanities",1974,68.72,126,3
2.67,26,13275.02,"Vocational",1982,66.09,121,0
3.38,9,10332.86,"Humanities",1969,66.25,121,0
3.21,23,10307.72,"Humanities",1992,66.79,121,0
2,11,5120.65,"Other",1990,66.63,124,2
1.94,2,9812.41,"STEM",2012,68.04,121,1
2.46,6,11748.15,"Professional",1970,66.08,121,0
2.16,0,11779.27,"Professional",2005,69.98,128,1
2.16,29,13207.9,"Vocational",1966,66.05,125,0
2.17,2,13216.04,"Vocational",2009,65.25,121,1
2.7,8,10267.61,"Humanities",2001,66.96,123,1
2.22,11,13210.44,"Vocational",2012,71.15,130,0
1.98,20,10206.1,"Humanities",1970,68.4,123,1
2.33,34,10233,"Buisness",1960,63.36,121,1
2.2,2,9772.68,"STEM",2003,70.78,121,0
2.68,1,13274.52,"Vocational",1965,69.65,123,0
2.57,9,11759.52,"Professional",1974,66.86,121,0
2.96,15,10298.5,"Humanities",2006,70.36,125,2
2.79,37,13278.69,"Vocational",1991,70.22,122,0
1.98,9,13213.4,"Vocational",2013,73.17,122,1
2.23,2,13220.94,"Vocational",1966,67.86,121,0
1.97,23,9787.13,"STEM",2010,68.12,120,1
2.49,12,10243.21,"Humanities",1961,73.29,120,0
2.97,41,11694.09,"Professional",1984,69.53,125,0
2.57,22,11747.95,"Professional",1996,70.83,121,0
2.6,12,9747.66,"STEM",2001,65.32,125,1
2.49,6,10254.16,"Humanities",1994,68.18,122,0
2.21,2,11788.76,"Professional",1968,69.15,122,0
2.4,4,11762.18,"Professional",1965,65.11,123,7
2.82,0,10294.47,"Humanities",1979,66.07,125,0
2.44,59,13247.45,"Vocational",1991,67.36,120,0
2.46,2,5010.26,"Other",1996,66.13,121,0
3.07,24,10301.61,"Humanities",1984,69.97,120,0
2.53,2,11741.81,"Professional",2005,67.22,123,2
2.61,45,9738.82,"STEM",1973,68.86,120,1
2.27,51,11763.28,"Professional",2012,71.1,120,1
1.94,6,13207.58,"Vocational",1964,65.85,121,2
3.32,4,10312.34,"Humanities",1993,63.6,124,2
3.38,14,13346.59,"Vocational",1979,65.83,121,3
3.26,2,11666.61,"Professional",2003,67.54,121,0
2.42,10,11770.83,"Professional",1994,66.19,122,3
3.7,7,11610.65,"Professional",1961,65.35,121,0
3.34,31,5953.22,"Other",1967,66.68,120,1
2.75,38,6441.36,"Other",1966,65.91,120,0
3.98,0,4999.13,"Other",1983,64.95,120,0
3.05,9,5090.89,"Other",1963,71.72,122,0
1.79,38,11824.14,"Professional",1994,69.87,121,0
2.63,21,11750.93,"Professional",1981,65.71,123,2
2.76,17,13275.25,"Vocational",2014,66.68,121,2
2.2,2,10220,"Buisness",1968,69.07,120,0
3.03,12,13289.92,"Vocational",1988,67.49,124,0
2.97,13,9697.84,"STEM",1980,68.67,120,2
3.08,49,11715.18,"Professional",1983,68.89,127,2
3.77,12,10371.48,"Humanities",1965,67.66,121,3
1.59,103,9841,"Buisness",1963,64.9,121,0
1.35,5,10142.72,"Humanities",1981,69.78,124,2
2.06,1,11793.84,"Professional",1968,66.78,121,1
2.62,20,11726.24,"Professional",1972,69.23,123,2
3.29,9,10328.73,"Humanities",1993,68.09,123,3
2.37,47,10242.77,"Humanities",1970,65.64,121,1
2.53,0,10251.44,"Humanities",2007,68.23,124,2
2.77,22,9721.71,"STEM",2005,66.09,120,1
2.26,17,10223.8,"Humanities",1984,68.74,121,0
2.09,9,11791.46,"Professional",1961,71.37,121,1
2.81,22,10278.06,"Humanities",1987,69.79,125,1
2.54,8,11738.69,"Professional",2014,67.67,120,4
2.54,2,10243.51,"Humanities",2012,68.06,120,4
2.99,10,9699.9,"STEM",2009,68.15,121,1
2.96,11,11714.48,"Professional",1997,66.41,131,0
3.11,20,13317.57,"Vocational",2008,66.12,123,0
2.58,25,13274.7,"Vocational",1961,70.75,125,2
2.93,4,9711.12,"STEM",1967,68.91,123,1
2.3,21,13238.71,"Vocational",1984,69.26,120,2
2.93,13,13290.32,"Vocational",2001,68.72,120,1
2.24,1,11781.14,"Professional",1962,69.88,120,0
1.58,52,11844.34,"Professional",1980,68.17,123,1
3.04,59,11702.25,"Professional",2006,69.36,124,2
2.88,5,10286.3,"Humanities",1997,68.45,121,2
3.13,25,9684.03,"STEM",2011,66.55,121,0
3.22,32,10324.02,"Humanities",1983,66.6,121,0
2.04,10,5089.18,"Other",1968,64.89,121,6
3.14,13,9671.26,"STEM",1962,69.36,122,1
1.92,11,9808,"Buisness",1977,69.84,123,1
2.41,3,11757.7,"Professional",1975,66.79,120,4
2.48,9,10236.52,"Humanities",1964,68.54,121,1
2.6,29,13269.17,"Vocational",2008,68.68,123,2
2.32,13,13213.64,"Vocational",1970,68.43,121,0
2.51,2,9739.71,"STEM",2014,69.32,121,0
2.53,97,14414.75,"Other",1998,71.91,121,1
3.48,38,9657.64,"STEM",1973,68.31,123,2
2.87,2,9713.77,"STEM",1966,68.87,121,3
2.92,9,9716,"STEM",2014,67.96,120,0
1.78,27,13172.2,"Vocational",2006,69.19,128,0
2.21,25,9773.1,"STEM",1988,66.18,120,0
3.25,12,10315.29,"Humanities",1977,65.59,124,2
3.43,7,9647.89,"STEM",1969,66.13,122,0
2.44,0,13262.83,"Vocational",1987,64.82,120,1
2.36,1,10237.44,"Humanities",1987,69.99,121,0
2.63,3,13270.39,"Vocational",1975,69.83,121,3
2.32,5,11763.03,"Professional",2008,65.75,121,1
2.13,10,9788.22,"STEM",1972,65.99,121,1
2.68,110,13263.43,"Vocational",1965,71.55,121,1
3.02,10,10277.93,"Humanities",1989,68.94,123,0
3,23,13326.13,"Vocational",1998,70.91,121,0
2.18,5,11768.39,"Professional",2001,68.31,123,1
2.19,9,10212.84,"Humanities",1988,67.34,121,3
2.06,32,10212.72,"Humanities",2015,69.99,120,1
2.22,64,13221.37,"Vocational",1964,69,120,4
3.65,4,10357.54,"Humanities",1962,70.39,124,3
2.28,41,11771.95,"Professional",1969,68.04,121,1
2.94,13,9707.15,"STEM",1965,67.66,122,1
1.96,16,13199.94,"Vocational",1972,65.16,121,1
2.01,4,9800.3,"STEM",1988,65.7,121,1
2.21,18,9779,"Buisness",2003,63.29,121,1
3.38,25,9661.31,"STEM",1969,69.04,120,0
2.14,56,10205.55,"Humanities",1966,67.14,126,1
2.11,46,9796.46,"STEM",1987,63.12,121,1
2.95,25,9701,"STEM",1964,66.89,121,0
1.86,32,13190.19,"Vocational",2003,67.69,124,0
2.46,29,11750.75,"Professional",1986,64.36,121,0
2.61,19,9736.92,"STEM",1982,66.09,126,1
3.36,1,9664,"Buisness",1987,71.92,122,2
2.91,14,11693.57,"Professional",1994,70.15,121,2
2.39,40,13220.05,"Vocational",2003,68.03,121,0
2.69,45,7023.27,"Other",2015,66.18,121,0
2.92,30,11707.09,"Professional",1963,70.61,128,2
1.91,8,10173.85,"Humanities",2012,69.21,121,2
2.47,17,9757.18,"STEM",2012,66.33,121,0
1.6,8,10150.88,"Humanities",1999,69.52,121,0
2.81,9,5068.3,"Other",1965,68.08,124,1
2.52,0,11734.95,"Professional",1993,67.2,121,1
2.14,15,9786.84,"STEM",2005,68.07,120,0
1.91,0,9796.16,"STEM",2013,72.58,125,0
2.81,10,11706.82,"Professional",1987,65.63,123,2
3.45,3,5013.62,"Other",1978,65.58,121,1
2.64,5,9737.55,"STEM",1999,67.44,120,0
2.44,4,10244.71,"Humanities",1994,69.27,129,0
2.33,20,9775.52,"STEM",1961,70.4,122,0
2.59,69,9745.62,"STEM",2013,66.5,123,1
2.47,35,11742.7,"Professional",2010,64.99,120,2
3.41,9,13343.07,"Vocational",2015,65.34,121,1
2.51,2,11726.16,"Professional",1985,69.88,122,1
2.46,7,13261.64,"Vocational",1986,69.01,127,0
2.43,51,11758.6,"Professional",1988,65.66,120,2
3.11,35,13306.16,"Vocational",1968,69.39,125,1
1.91,16,13179.41,"Vocational",1999,67.32,122,2
2.62,4,10260.94,"Humanities",1969,70.3,120,0
1.91,26,9810.03,"STEM",1988,70.16,121,0
2.79,12,10282.57,"Humanities",1988,66.17,127,0
3.59,15,9654.73,"STEM",2002,67.73,125,2
1.42,32,13144.15,"Vocational",2007,68.95,121,4
2.74,20,5400.23,"Other",1961,67.9,125,2
2.46,34,9758.22,"STEM",1993,68.46,125,2
2.42,1,10254.72,"Humanities",2006,67.53,123,1
2.5,58,9750,"Buisness",1981,62.95,123,0
2.11,20,10213.49,"Humanities",1986,68.55,123,1
2.25,50,11776.65,"Professional",1968,67.65,121,1
2.25,34,6150.24,"Other",1967,68.03,127,2
1.69,6,11824.07,"Professional",1970,70.25,122,0
1.74,44,11847.22,"Professional",1968,64.91,124,1
1.55,82,11721.91,"Other",1999,68.19,122,2
2.33,1,13260.38,"Vocational",1984,70.06,124,0
2.62,6,10264.93,"Humanities",1962,65.53,120,1
2.52,14,9739.31,"STEM",1972,70.95,123,0
2.36,8,13245.92,"Vocational",2000,69.89,123,1
2.72,33,13266.47,"Vocational",1989,71.6,122,2
2.12,4,11790.54,"Professional",2005,69.8,121,1
2,44,10192.54,"Humanities",1970,68.21,121,1
1.72,4,5004.17,"Other",2005,64.15,120,0
2.21,30,9794.66,"STEM",1986,70.32,120,1
2.56,18,10260.85,"Humanities",2007,67.47,121,0
1.95,47,7215.31,"Other",2005,66.34,122,0
2.06,12,9794,"Buisness",1985,69.17,123,0
3.25,2,11674.71,"Professional",1994,69.88,121,1
2.74,4,5002.83,"Other",1986,69.44,127,1
2.05,5,9795,"Buisness",1991,66.04,122,2
2.78,3,9711.49,"STEM",1996,69.72,130,3
2.26,1,10226,"Buisness",2012,70.47,122,0
2.06,70,9786.15,"STEM",1979,70.29,122,0
2.73,21,13273.93,"Vocational",1986,66.79,120,0
2.5,32,11756.97,"Professional",1976,71.93,120,0
2.57,28,13264.72,"Vocational",1997,65.14,120,1
2.64,15,11743.03,"Professional",2015,66.68,121,1
2.07,19,11804.93,"Professional",1983,68.14,122,2
1.98,19,5347.15,"Other",1979,66.57,122,1
1.94,3,9800.27,"STEM",1993,69.62,125,2
2.87,3,9721.92,"STEM",1984,65.74,122,0
2.29,66,10233.38,"Humanities",2014,68.95,120,1
2.49,15,11743.84,"Professional",1981,71.09,121,0
2.86,17,13271.17,"Vocational",1971,69.9,123,3
2.45,2,9745.22,"STEM",2003,67.26,125,1
2.36,8,10245.77,"Humanities",2000,69.63,121,2
3.14,34,10313.19,"Humanities",1963,64.37,120,0
2.72,14,11724.52,"Professional",2012,68.14,127,0
3.3,15,9674.61,"STEM",1984,66.46,120,1
2.54,22,13258.68,"Vocational",1963,70.97,123,2
2.26,0,10233.81,"Humanities",2005,67.47,120,6
3.09,15,10309,"Buisness",1982,66.52,121,0
2.29,18,9766.9,"STEM",1966,65.29,124,0
2.42,22,10221.21,"Humanities",2013,65.83,121,0
2.31,10,9777.67,"STEM",1990,68.46,121,1
2.7,22,10270.7,"Humanities",1986,68.59,125,2
3.18,6,13336.97,"Vocational",2012,67.61,121,0
3.08,6,10315.86,"Humanities",1965,66.24,121,3
2.71,0,10278.71,"Humanities",2005,65.69,122,0
2.65,72,11728.77,"Professional",1967,71.12,121,1
2.05,47,11792.86,"Professional",2014,68.51,126,1
1.91,35,13197.52,"Vocational",2009,66.73,120,2
3,14,9688.05,"STEM",1962,66.92,121,1
3,13,10288.5,"Humanities",1996,67.42,120,0
1.79,14,10150.3,"Humanities",1986,73.15,128,5
1.46,20,9852.08,"STEM",1967,65.28,122,3
2.93,12,9689.87,"STEM",1964,66.9,120,1
2.4,1,4994.48,"Other",1978,62.57,121,1
1.86,29,9816.66,"STEM",1991,65.75,121,3
2.49,8,11758.61,"Professional",2003,70.92,121,1
2.31,5,9769,"Buisness",1973,65.27,125,0
1.87,11,10179.64,"Humanities",2003,69.35,120,1
3.01,16,10301,"Buisness",1972,67.5,123,0
2.18,18,11786.41,"Professional",1969,68.09,121,2
2.43,31,11752.43,"Professional",1979,66.13,122,0
3.22,40,13337.94,"Vocational",2014,67.6,121,1
2.15,24,10215,"Buisness",2014,68,120,2
2.63,28,10253.94,"Humanities",2005,66.95,122,1
2.31,15,10243.39,"Humanities",2014,67.75,123,0
2.63,5,13249.51,"Vocational",1972,66.93,124,2
2.7,53,10261.15,"Humanities",1970,65.14,123,0
1.59,3,10146.91,"Humanities",1982,70.14,126,1
2.32,3,13222.59,"Vocational",1974,71.55,124,0
2.11,15,10211,"Buisness",1960,67.06,121,0
2.59,0,13264.74,"Vocational",1994,68.24,123,4
2.23,17,9775.24,"STEM",1992,63.96,122,2
2.14,19,10224.41,"Humanities",1994,67.29,124,0
2.32,13,13230.73,"Vocational",2008,71.22,122,0
2.15,20,11778.08,"Professional",1972,68.91,121,1
2.33,3,10233,"Buisness",1978,67.57,122,2
2.58,25,10264,"Humanities",1980,67.92,121,0
1.55,12,10159.12,"Humanities",2013,68.32,126,1
2.36,3,13216.73,"Vocational",1972,69.63,127,0
1.96,9,13178.33,"Vocational",1964,67.2,125,0
2.52,36,6268.68,"Other",1999,68.08,123,0
2.69,45,10270.88,"Humanities",1998,68.22,121,0
2.5,3,13244.22,"Vocational",2003,68.44,120,0
2.52,2,13249.37,"Vocational",1968,66.12,123,3
2.94,18,11720.72,"Professional",1980,66.08,122,2
2.41,4,9771.58,"STEM",1964,66.45,121,1
2.8,10,10264.76,"Humanities",1967,68.17,124,0
2.57,69,13256.22,"Vocational",1971,63.96,125,0
1.85,44,13182.29,"Vocational",2014,68.6,120,1
2.08,6,11793.19,"Professional",1978,72.66,122,1
3.49,20,9657.48,"STEM",2007,67.85,121,1
2.88,32,9712,"Buisness",2005,69.82,121,0
2.62,0,13245.84,"Vocational",1973,68.81,122,1
2.7,2,13267.34,"Vocational",2007,69.5,121,0
2.63,14,13266.85,"Vocational",1972,72,125,1
2.84,14,10303.92,"Humanities",1984,68.55,129,0
2.32,20,11759.92,"Professional",1979,65.82,122,0
2.43,1,9747.53,"STEM",2006,68.21,126,0
2.3,32,13236.59,"Vocational",1979,69.29,120,2
2.45,5,9757.13,"STEM",1975,70.85,127,2
2.95,8,13277.79,"Vocational",2006,68.44,121,1
2.04,4,11783.97,"Professional",1966,67.56,121,0
2.55,13,13266.46,"Vocational",1976,68.63,120,1
2.32,8,11743.18,"Professional",1964,65.21,121,2
2.14,12,5160.76,"Other",1999,66.2,122,0
2.12,5,10212,"Buisness",2002,67.07,121,1
2.56,17,9744,"Buisness",1965,69.96,123,0
3.06,10,5100.08,"Other",1977,69.24,121,0
2.95,19,11695.34,"Professional",1969,63.49,120,0
2.51,1,9749,"Buisness",1965,67.18,128,0
2.33,13,9767.32,"STEM",2001,66.46,125,1
2.03,13,11797.07,"Professional",1974,65.37,123,1
2.2,16,10222.53,"Humanities",2009,70.27,128,1
2.19,5,10224.52,"Humanities",1978,64.2,121,0
2.71,13,11741.37,"Professional",1973,70.27,126,1
2.77,39,10277,"Buisness",1988,67.5,122,1
2.55,27,9735.95,"STEM",2015,65.53,122,2
2.24,10,10222.12,"Humanities",2003,70.12,120,1
3.05,9,11680.87,"Professional",1995,69.82,121,2
2.31,16,10223.13,"Humanities",1997,67,122,1
2.75,6,9718.51,"STEM",2014,68.02,120,3
2.22,28,9772.16,"STEM",2008,64.04,120,1
2.45,15,10254.97,"Humanities",2003,68.39,120,1
3.28,13,5147.81,"Other",1977,69.03,130,1
2.78,15,11727.48,"Professional",1991,68.71,120,0
3.18,15,9682,"Buisness",1975,62.78,120,1
1.23,89,12926.08,"Other",1978,66.22,123,2
2.1,2,13202.25,"Vocational",1988,66.45,127,0
2.45,14,9754.27,"STEM",1970,71.89,121,1
1.91,31,13202.04,"Vocational",1990,69.45,121,1
2.37,41,11774.87,"Professional",1963,68.62,120,0
2.41,11,5119.34,"Other",1996,67.78,121,1
3.13,15,13301.78,"Vocational",2004,70.74,123,1
2.83,16,10283,"Buisness",2004,68.71,121,1
1.97,12,10198.04,"Humanities",2004,68.38,122,0
2.4,3,13236.88,"Vocational",1980,69.44,121,1
1.91,12,10191.09,"Humanities",2007,69.22,122,0
2.57,25,10256.68,"Humanities",1972,64.81,123,3
3.01,31,13299.59,"Vocational",1983,66.22,122,1
3,2,10297.64,"Humanities",1986,66.05,121,4
3.21,28,11674.62,"Professional",1991,66.97,121,2
3.66,22,11639.71,"Professional",1983,66.21,120,1
2.69,1,13280.65,"Vocational",1992,69.49,122,0
1.86,3,5001.49,"Other",1992,68.47,121,1
2.1,12,13217.92,"Vocational",1983,70.03,123,0
2.79,2,10283.56,"Humanities",1988,65.48,121,0
3.7,114,13389.31,"Vocational",1978,69.5,120,0
2.84,25,13286.99,"Vocational",1990,68.11,121,0
2.85,7,11711.44,"Professional",1965,70.63,120,1
2.38,9,10231.77,"Humanities",1965,67.12,133,1
2.51,8,9722.38,"STEM",2012,68.77,120,0
3.05,27,11692.42,"Professional",2009,67.99,120,0
2.57,13,10264.43,"Humanities",1994,65.48,121,0
2.3,1,11754.32,"Professional",1977,70.3,121,2
2.77,6,13278.29,"Vocational",1976,67.64,121,3
2.06,9,10206,"Buisness",1960,67.53,120,0
2.81,2,10287.25,"Humanities",1978,64.67,124,1
2.79,17,11723.4,"Professional",1998,70.97,122,0
2.8,0,11718,"Professional",2009,69,121,0
3.12,29,11696.5,"Professional",2001,66.38,120,1
2.54,11,9730.1,"STEM",1967,67.94,121,1
2.48,5,10249.09,"Humanities",2001,72.15,121,0
2.51,12,13256.11,"Vocational",2015,68.08,123,1
3.03,4,9714.63,"STEM",1965,65.91,122,1
2.43,19,11748.67,"Professional",1988,67.75,122,0
2.6,18,13266.16,"Vocational",1961,68.16,120,2
2.21,39,9785.62,"STEM",2004,66.2,120,0
2.5,15,9747.65,"STEM",2011,71.89,120,2
3.02,12,13277.09,"Vocational",2015,68.12,122,6
3,24,10302.45,"Humanities",1987,71.13,120,1
2.1,7,10219.5,"Humanities",2013,65.72,123,1
2.79,31,5968.19,"Other",1974,70.98,122,0
2.95,24,9705,"Buisness",1997,67.45,122,0
2.22,1,11790.72,"Professional",1979,69.45,120,3
2.91,83,11698.22,"Professional",1965,67.71,124,0
2.67,1,10270.73,"Humanities",1977,69.35,121,0
2.72,5,10272,"Buisness",1984,67.02,123,0
3.11,25,9691.8,"STEM",1998,66.78,120,1
2.16,52,9780.62,"STEM",1970,65.94,122,2
2.3,88,13232.58,"Vocational",2004,68.52,121,0
2.67,5,11727.27,"Professional",1963,66.88,124,1
2.94,63,13288.74,"Vocational",1969,67.91,121,0
2.4,4,10236.34,"Humanities",1974,65.98,120,0
1.71,129,10153.79,"Humanities",1978,69.62,123,1
2.35,0,13228.39,"Vocational",1990,65.26,127,1
2.44,32,11755.97,"Professional",2004,64.95,123,0
1.37,14,10139.99,"Humanities",2003,68.82,124,0
3.01,0,11712.59,"Professional",2005,68.3,120,0
3.46,19,13329.55,"Vocational",2008,68.96,124,0
3.02,68,13297.82,"Vocational",2004,68.84,120,0
2.82,24,9720.95,"STEM",1985,68.53,120,1
2.33,0,10242.14,"Humanities",1976,67.52,121,0
2.18,15,11782.6,"Professional",1967,68.34,120,1
2.74,4,11748.61,"Professional",1988,65.5,123,0
1.89,46,11811.48,"Professional",1978,67.96,121,1
1.57,7,9833.53,"STEM",2014,65.18,123,1
2.18,44,11770.04,"Professional",2001,67.94,121,1
2.67,30,13256.59,"Vocational",1971,69.09,122,1
1.93,11,13190.82,"Vocational",1989,66.34,126,2
2.14,7,13212,"Vocational",1961,67,123,1
2.47,5,13242,"Vocational",1985,63.71,122,1
2.62,33,6083.3,"Other",1965,69.97,122,1
2.5,10,9737.83,"STEM",1988,67.3,125,0
2.71,0,10284,"Humanities",1977,72.75,121,0
2.28,8,13224.19,"Vocational",1998,68.02,122,0
2.56,151,10259.11,"Humanities",1971,66.3,124,0
2.46,13,11753.53,"Professional",1981,72.08,122,0
2.6,7,9750.41,"STEM",2004,68.7,122,1
2.29,21,9771,"Buisness",2007,64.69,120,1
2.01,41,11802.6,"Professional",1965,67.44,120,0
2.58,7,9753.6,"STEM",1986,68.32,126,0
2.51,5,10266.72,"Humanities",1973,67.58,121,1
2.2,0,13218.14,"Vocational",1973,71.32,122,1
2.26,23,9774,"Buisness",1967,72.06,121,0
2.07,40,11787.85,"Professional",2005,67.28,121,3
3.08,20,10308,"Buisness",1960,65.93,125,0
3.04,3,9705.06,"STEM",1996,67.63,120,0
2.42,19,10247.19,"Humanities",1993,64.96,124,0
2.24,59,8475.53,"Other",1993,69.63,125,2
2.2,11,11769.57,"Professional",2015,67.97,120,2
2.01,6,9799,"Buisness",1977,69.71,120,1
2.8,40,10283.73,"Humanities",1983,66.64,120,0
2.64,10,13243.9,"Vocational",2007,68.56,123,1
2.95,18,13303.99,"Vocational",1974,68.45,121,0
2.17,26,10201.23,"Humanities",1990,72.82,124,1
2.63,26,10263,"Buisness",1998,69.43,120,0
3.13,12,10311.7,"Humanities",1993,65.51,124,1
3.02,6,13311.14,"Vocational",1981,68.91,125,0
2.67,20,13290.22,"Vocational",1978,65.72,120,2
2.71,8,9729,"Buisness",1977,69.16,121,0
3.21,6,9681.12,"STEM",1991,64.61,123,0
2.64,14,9736,"Buisness",1975,64.22,123,0
2.41,48,13234.12,"Vocational",1967,66.3,120,1
1.93,24,9816.44,"STEM",1968,67.51,121,1
2.46,0,13228.16,"Vocational",2005,67.27,123,1
2.96,26,11699.66,"Professional",2012,69.97,121,0
3.31,43,13341.93,"Vocational",1961,70.23,124,1
2.81,14,13279.59,"Vocational",1976,68.55,123,1
1.53,25,10153,"Buisness",1988,68.35,122,0
1.94,5,9798.73,"STEM",2011,73.81,133,6
2.14,22,13232.62,"Vocational",1968,67.3,125,0
2.5,8,10249.29,"Humanities",2009,68.27,121,2
2.23,30,11772.01,"Professional",2003,64.54,121,3
2.25,18,9775,"Buisness",1967,66.75,122,1
3.15,39,9703.48,"STEM",2011,70.27,121,1
2.92,4,5010.9,"Other",2006,68.41,120,0
2.48,16,10248.61,"Humanities",1976,66.4,122,0
2.3,2,13232.65,"Vocational",1985,68.97,122,2
3.34,8,13342.7,"Vocational",2007,69.75,120,0
3.5,50,10341.21,"Humanities",1973,68.98,122,0
2.21,4,5019.48,"Other",1991,66.89,122,3
2.49,59,9740.62,"STEM",1961,67.88,120,0
2.79,68,9718.96,"STEM",1969,62.83,120,1
2.39,33,9774.78,"STEM",1963,67.27,121,0
2.18,42,9781.31,"STEM",1988,68.47,121,1
2.36,20,13225.56,"Vocational",1983,63.03,122,0
2.68,30,9753.38,"STEM",1984,65.99,120,0
2.02,30,13176.73,"Vocational",1969,66.95,121,0
2.18,19,11784.73,"Professional",1975,69.8,123,2
2.89,63,9711,"Buisness",2007,68.48,121,2
3.47,64,11657.06,"Professional",2007,65.72,123,2
2.8,21,5450.84,"Other",1995,67.42,120,0
2.74,7,10272.5,"Humanities",1994,72.07,121,0
3,71,10300,"Buisness",1986,68.92,121,1
2.64,8,9719.9,"STEM",2014,69.24,125,0
2.69,13,11743.4,"Professional",1984,66.67,121,4
2.98,13,5141.87,"Other",1987,67.45,121,2
1.65,7,13177.09,"Vocational",1982,68.13,122,0
3.21,27,11665.56,"Professional",1973,67.58,120,1
2.43,6,13254.12,"Vocational",1978,70.15,120,3
2.1,5,5019.65,"Other",1999,67.08,121,2
2.14,13,11791.3,"Professional",2009,68.91,124,2
3.79,28,10376.62,"Humanities",1966,69.09,122,1
2.77,4,13282,"Vocational",1997,70.85,122,0
2.35,8,10214.98,"Humanities",1985,72.2,121,0
2.35,2,13244.56,"Vocational",1996,65.59,121,1
3.01,18,11696.15,"Professional",1973,68.83,122,1
3.14,83,11675.66,"Professional",1970,66.99,123,0
2.27,45,7026.52,"Other",1968,69.09,121,0
1.88,2,13185.63,"Vocational",1963,67.49,120,1
2.37,1,5004.48,"Other",1966,65.54,123,4
1.98,23,10223.27,"Humanities",2006,66.02,122,0
2.36,39,13242.24,"Vocational",1961,65.26,123,1
2.28,0,11789.93,"Professional",1961,68.56,122,2
2.39,51,10243.89,"Humanities",1963,71.52,124,3
2.9,15,9709.01,"STEM",1992,68.18,124,0
2.99,38,13297.28,"Vocational",1965,65.79,126,0
3.34,8,11669.99,"Professional",1997,65.72,124,0
2.09,32,10215.71,"Humanities",2002,66.74,121,2
2.48,32,13270.52,"Vocational",2008,66.14,121,0
2.66,19,13266.02,"Vocational",2003,70.19,124,0
2.22,5,13223.64,"Vocational",1967,67.94,124,2
1.89,5,5029.27,"Other",1963,67.17,121,1
1.98,3,11803.93,"Professional",1991,65.22,120,1
2.47,2,10242.04,"Humanities",1993,66.88,120,1
2.13,41,10224.13,"Humanities",1992,70.21,120,0
2.93,5,13298.46,"Vocational",2004,69.17,121,1
2.61,7,5043.64,"Other",1998,71.82,123,2
2.61,9,13268.09,"Vocational",1998,68.78,123,0
2.46,5,11755.58,"Professional",1985,66.05,120,1
2.25,26,11763.18,"Professional",2000,69.38,121,0
1.99,6,11796.85,"Professional",1997,69.32,122,0
2.5,28,9750,"Buisness",1993,68.97,122,0
2.25,12,10225,"Buisness",1966,67.24,121,1
2.48,14,5180.08,"Other",2000,69.3,121,0
2.63,41,6692.96,"Other",1976,65.34,120,1
2.76,6,10267.4,"Humanities",1981,69.33,122,0
2.11,16,13212.05,"Vocational",2009,69.78,120,1
2.07,4,5001.03,"Other",1984,66.19,120,1
2.22,2,11802.55,"Professional",1979,71.16,120,0
3.16,4,5006.13,"Other",2001,67.21,120,1
2.36,28,11757.54,"Professional",2005,67.33,121,1
3.38,41,11681.44,"Professional",2004,68.56,120,1
2.44,16,11753.72,"Professional",1979,68.44,136,0
2.51,35,11744.24,"Professional",1970,66.46,121,3
2.53,12,11756.7,"Professional",1987,68.51,120,1
2.51,84,10253.82,"Humanities",1969,64.42,122,2
2.39,122,11765.73,"Professional",2002,69.52,120,3
2.12,39,10212,"Buisness",1990,67.16,122,0
2.62,6,5036.83,"Other",2008,69.53,121,1
2.88,9,10278.85,"Humanities",2002,65.35,124,0
2.74,2,13274.5,"Vocational",1973,65.89,120,3
3.45,5,13349.64,"Vocational",1996,66.6,121,2
3.36,7,9664,"Buisness",1969,66.93,120,0
2.82,15,13272.89,"Vocational",1997,68.34,121,0
2.37,3,10234.65,"Humanities",1965,62.36,120,0
2.25,13,10229.94,"Humanities",1973,70.28,122,2
2.32,3,13224.17,"Vocational",1986,63,122,0
2.53,20,10253,"Buisness",1982,66.58,121,0
3.25,31,11686.78,"Professional",1965,66.44,122,1
2.14,1,5012.9,"Other",1981,70.16,125,1
2.87,14,11709.11,"Professional",1985,69.33,121,0
2.01,28,5783.29,"Other",2015,68.53,122,2
2.07,13,9798.6,"STEM",2001,69.74,120,1
2.95,9,10295,"Buisness",2010,68.44,121,1
2.56,14,11736.92,"Professional",1982,68.44,121,0
3.48,3,10349.33,"Humanities",1995,67.73,121,0
2.19,6,10236.48,"Humanities",1969,67.06,122,0
2.06,37,10202.77,"Humanities",1973,64.88,122,1
2.84,15,9716,"Buisness",2015,70.93,120,0
3.31,47,9682.43,"STEM",2005,70.76,121,0
3.19,87,13316.01,"Vocational",2002,66.11,120,1
2.33,23,10229.73,"Humanities",1989,66.24,120,2
2.34,4,11778.38,"Professional",1966,70.79,121,2
2.84,22,11723.53,"Professional",1964,67.91,120,1
1.87,22,11799.97,"Professional",2013,70.31,125,2
2.45,26,11763.85,"Professional",1977,68.62,123,1
1.5,6,10150,"Buisness",1974,65.23,121,1
1.9,11,11820.24,"Professional",2001,69.82,124,2
2.1,3,13210.19,"Vocational",2014,68.22,122,0
2,51,13199.05,"Vocational",1969,67.36,126,1
2.62,4,10262,"Buisness",1988,68.97,131,0
2.04,2,11778.26,"Professional",1963,68.59,121,0
3.24,0,10324,"Buisness",2000,69.15,121,0
2.8,26,9720,"Buisness",1995,68.05,122,3
2.87,11,11700.24,"Professional",1968,68.37,121,1
3.17,34,9675.54,"STEM",1969,65.31,122,0
2.37,18,11760.86,"Professional",2007,71.73,121,0
2.67,12,10268.62,"Humanities",1980,70.45,121,1
2.06,23,13199.96,"Vocational",1967,67.78,121,1
2.3,8,10230,"Buisness",1980,67.92,122,1
2.07,4,9788.45,"STEM",2010,72.85,122,1
2.15,37,9785,"Buisness",2001,68.14,120,0
2.84,4,11702.68,"Professional",1984,66.46,121,0
2.41,3,11741.33,"Professional",1988,66.4,122,0
2.8,4,10280,"Buisness",2000,66.51,122,1
2.59,4,10257.21,"Humanities",2014,69.35,120,0
2.85,15,10286.79,"Humanities",1964,71.71,122,0
2.31,9,13228.76,"Vocational",1999,66.25,124,0
2.22,1,9792.67,"STEM",2003,69.55,122,1
1.88,9,9812,"Buisness",1997,69.05,120,0
2.83,59,13278.68,"Vocational",1981,65.17,121,1
1.84,20,13199.8,"Vocational",1997,63.79,121,0
3,11,11718.74,"Professional",1994,68.18,121,1
2.05,4,13211.09,"Vocational",1988,63.72,125,1
2.62,0,9738.89,"STEM",1978,67.33,122,0
2.52,21,5447.06,"Other",1989,70.04,122,1
3.5,23,11638.79,"Professional",1993,66.39,122,1
2.59,7,10259,"Buisness",1986,67.42,122,1
2.88,22,11716.35,"Professional",1963,69.03,122,1
2.2,56,9794.3,"STEM",1970,72.32,125,1
2.03,31,5961.78,"Other",1986,67.2,121,2
2.95,2,9705,"Buisness",1971,66.44,122,1
2.03,1,9797,"Buisness",2009,69.13,121,1
3,9,11721.18,"Professional",1979,69.05,126,0
2.7,3,13278.16,"Vocational",2011,70.74,121,0
2.45,17,11758.2,"Professional",1974,69.34,121,2
3.09,32,9681.41,"STEM",2009,67.07,123,1
3.1,4,13340.02,"Vocational",1996,68.39,121,2
2.36,26,11772.88,"Professional",1991,69.02,121,1
2.12,1,9787.67,"STEM",2000,69.34,121,1
2.3,15,10222.62,"Humanities",2009,69.51,120,0
1.24,50,9876,"Buisness",1973,65.8,122,0
2.28,1,10228,"Buisness",1984,67.48,123,1
3.54,10,9651.44,"STEM",1995,66.23,123,0
2.28,93,11773.29,"Professional",2012,67.66,123,1
2.75,5,11714.71,"Professional",1990,70.45,122,0
2.95,21,10293.16,"Humanities",1967,68.91,121,1
1.61,2,10169.52,"Humanities",1990,65.59,121,0
2.16,8,5071.92,"Other",1966,66.26,124,0
1.76,21,10182.63,"Humanities",1970,68.44,120,0
2.65,21,10266.48,"Humanities",2006,68.15,120,0
1.94,2,11802.82,"Professional",1961,68.74,120,1
3.31,140,10336.5,"Humanities",2010,66.49,124,0
2.6,18,9740,"Buisness",1991,68.52,130,0
2.95,8,10298.01,"Humanities",2013,67.32,122,1
2.93,22,11698.83,"Professional",1973,69.17,121,0
2.83,8,11711.98,"Professional",2005,67.49,124,2
1.92,32,10189.63,"Humanities",2010,68.81,123,2
1.98,24,9785.32,"STEM",1975,66.86,121,0
2.34,12,11757.63,"Professional",1996,71.13,124,1
3.16,6,5030.44,"Other",1970,64.47,124,2
2.7,3,13259.17,"Vocational",2011,68.67,121,2
2.84,25,11702.37,"Professional",1975,66.45,124,0
2.53,100,10264.37,"Humanities",1973,68.26,121,0
1.92,42,11798.23,"Professional",1976,65.45,120,1
2.6,9,11744.92,"Professional",2007,68.87,122,2
2.61,27,9746.71,"STEM",1981,67.11,122,0
1.8,4,11821.56,"Professional",1997,68.11,125,0
2.49,11,11759.88,"Professional",2004,66.99,123,2
2.28,5,10235.86,"Humanities",1999,68.62,122,2
2.44,42,6753.98,"Other",2010,69.99,120,0
1.79,4,10179,"Buisness",1984,66.17,126,0
2.36,1,11762.63,"Professional",1969,68.85,121,2
2.84,14,10274.77,"Humanities",1997,66.67,124,0
1.59,21,11832.62,"Professional",1992,67.46,123,2
2.68,55,10266.98,"Humanities",1997,68.63,122,0
2.38,25,13236.42,"Vocational",1998,67.11,120,2
2.34,2,13235.95,"Vocational",1964,67.76,121,0
2.84,25,13289.44,"Vocational",1963,71.09,120,2
2.76,1,9712.05,"STEM",1977,66.14,121,2
2.37,24,10239.29,"Humanities",2003,68.52,120,0
2.14,18,11780.82,"Professional",2003,67.21,120,1
1.48,8,13148.49,"Vocational",1999,71.6,121,1
2.83,11,9717,"Buisness",2013,67.87,123,0
2.02,21,9798,"Buisness",1981,69.63,123,1
2.17,2,11770.64,"Professional",2000,67.9,120,1
2.11,30,10211,"Buisness",1964,68.49,122,1
2.07,1,10206.34,"Humanities",1987,70.44,121,0
2,7,9802.27,"STEM",2007,70.02,121,3
2.18,3,11781.16,"Professional",2000,69.43,120,1
2.43,2,13248.99,"Vocational",1963,69.94,121,1
2.02,65,10212.51,"Humanities",1998,66.89,126,1
2.79,20,11710.69,"Professional",1993,68.4,122,1
2.47,20,10264.71,"Humanities",1970,67.09,120,0
2.99,46,13294.07,"Vocational",1995,66.95,121,1
2.45,14,10260.99,"Humanities",1971,69.22,120,0
2.38,7,10231.46,"Humanities",1992,67.69,120,0
2.71,52,11725.7,"Professional",1963,66.51,122,3
2.92,2,5011.97,"Other",2014,70.53,120,0
2.74,11,5118.94,"Other",2010,65.44,122,0
2.75,3,5006.64,"Other",2012,67.03,122,1
3.06,18,9700.3,"STEM",1989,69.77,120,1
1.46,87,9854,"Buisness",2015,70.05,122,0
2.89,21,10274.26,"Humanities",1972,69.26,120,1
2.61,4,9737.4,"STEM",2004,66.06,122,3
2.67,17,10269.29,"Humanities",2006,64.07,120,0
1.61,11,10163.33,"Humanities",1967,64.66,121,0
1.89,5,13171.03,"Vocational",1964,69.32,121,1
2.7,55,9736.08,"STEM",1981,67.19,121,1
1.94,23,10181.49,"Humanities",1997,70.58,120,1
2.43,39,13240.09,"Vocational",1994,68.41,121,1
1.79,29,9831.7,"STEM",1993,68.75,120,2
1.76,30,13175.84,"Vocational",2005,70.47,123,1
2.14,1,13207.75,"Vocational",2007,66.36,120,1
2.63,1,11735.98,"Professional",1982,68.47,124,3
2.82,6,11697.13,"Professional",1970,70.07,121,2
2.43,6,13255.26,"Vocational",1986,67.63,121,0
2.32,18,11764.32,"Professional",1988,60.86,121,2
2.73,20,5393.42,"Other",1961,67.23,123,1
2.53,8,5062.24,"Other",1981,68.04,120,0
2.27,173,13225.78,"Vocational",1964,66.14,124,0
1.51,19,10151,"Buisness",1986,68.86,122,3
1.79,40,9820.65,"STEM",1999,64.02,125,1
3.2,6,10328.81,"Humanities",1982,70.79,122,1
1.83,2,13194.72,"Vocational",1975,67.56,122,2
2.66,13,5161.36,"Other",1964,68.74,122,0
2.62,8,11745.7,"Professional",1978,68.53,124,0
2.8,5,13288.65,"Vocational",2014,70.01,121,0
2.11,4,10194.73,"Humanities",1990,69.99,122,0
3.34,3,13319.5,"Vocational",1990,66.62,123,2
1.95,37,10203.12,"Humanities",2002,69.44,124,0
2.23,6,9755.06,"STEM",1984,69.18,122,1
2.43,6,9774.07,"STEM",1996,67.66,123,0
1.83,10,13184.45,"Vocational",1969,63.81,122,1
2.66,24,10279.3,"Humanities",1969,71.49,123,1
3.16,3,11682.88,"Professional",1993,71.39,122,0
2.61,1,9758.62,"STEM",2002,67.71,121,1
3.42,20,10353.47,"Humanities",1976,65.68,120,2
2.75,24,9729.28,"STEM",2009,66.28,123,1
2.59,57,13275.42,"Vocational",1981,65.18,120,0
1.98,12,10194.84,"Humanities",1987,68.04,122,0
2.12,14,10207.77,"Humanities",1988,67.41,121,2
2.03,0,11804.49,"Professional",1976,66.89,121,1
2.37,6,5021.26,"Other",2001,70.31,121,1
2.16,6,9786.28,"STEM",2008,71.18,121,3
2.1,65,13208.65,"Vocational",1987,65.23,122,0
2.99,127,9703.74,"STEM",1986,69.2,124,3
2.22,18,9778,"Buisness",1991,69.46,121,3
2.08,15,9787.36,"STEM",1974,68.68,126,1
2.01,18,11810.88,"Professional",2004,70.55,121,1
1.72,20,10167.88,"Humanities",2008,67.62,120,0
2.11,6,13215.31,"Vocational",2003,69.28,120,1
2.87,6,13292.57,"Vocational",1967,68.08,125,0
2.9,13,9710,"Buisness",2005,67.07,123,2
2.26,32,13210.58,"Vocational",1972,67.38,121,1
2.99,15,11705.53,"Professional",1977,66.17,121,1
2.69,2,9730.98,"STEM",1979,71.98,121,0
2.54,2,10264.5,"Humanities",1965,69.45,122,1
2.87,37,6372.97,"Other",1986,69.87,121,3
1.95,44,9800.75,"STEM",1963,72.51,123,1
2.12,49,10199.09,"Humanities",1962,70.41,122,0
2.99,0,9700.72,"STEM",1962,66.97,122,1
2.45,6,9755,"Buisness",1981,63.77,122,1
1.74,36,9809.96,"STEM",1964,67.5,121,2
2.51,10,9736.04,"STEM",2005,66.58,122,1
2.44,11,13239.46,"Vocational",1966,67.97,123,0
1.8,22,13185.34,"Vocational",2012,69.86,121,0
2.25,8,10217.51,"Humanities",1974,69.64,121,1
1.79,1,11800.25,"Professional",1996,64.65,120,0
2.27,4,5011.11,"Other",2004,69.51,124,0
2.69,24,10259.95,"Humanities",1963,67.05,128,1
2.47,49,7396.29,"Other",1990,67.94,121,0
2.52,18,11757.29,"Professional",1977,64.86,122,0
3.07,19,11683.33,"Professional",1981,67.36,121,2
2.66,25,10255.97,"Humanities",2006,66.27,120,0
2.75,15,10273.96,"Humanities",2001,67.55,121,1
2.07,87,12568.09,"Other",2010,67.12,124,1
2.24,22,11788.73,"Professional",1966,72.53,127,1
3.17,44,10288.18,"Humanities",1979,67.35,122,2
2.05,12,10205,"Buisness",1964,65.63,121,0
2.3,108,13229.54,"Vocational",1995,68.23,121,0
2.41,5,11759.31,"Professional",1995,66.54,122,0
2.19,6,13228.89,"Vocational",1997,67.9,121,1
2.76,18,13272.5,"Vocational",1990,69.13,123,0
2.83,23,11711.6,"Professional",1986,67.78,123,0
2.25,12,9775,"Buisness",1991,65.8,121,0
2.43,10,11762.05,"Professional",2008,69.19,120,2
1.97,22,10193.42,"Humanities",1982,68.13,120,1
2.59,2,5007.41,"Other",1963,68.85,123,4
2.43,86,13233.34,"Vocational",2001,65.63,123,1
3.34,51,13321.35,"Vocational",1985,71.65,124,2
1.94,45,9805.47,"STEM",1971,68.18,121,0
1.89,53,9808.17,"STEM",2010,71.14,126,4
2.23,7,9765.52,"STEM",1997,63.47,120,3
2.33,2,9785.16,"STEM",2015,68.02,121,0
2.55,26,10253.97,"Humanities",1993,66.52,123,3
2.89,29,5862.06,"Other",1991,67.91,124,1
2.42,10,10244.04,"Humanities",1986,69.18,122,1
2.1,7,9809.6,"STEM",2015,66.57,123,0
2.76,7,9726.23,"STEM",1976,70.66,123,1
2.99,25,11711.38,"Professional",1989,68.75,122,2
2.71,15,10275.82,"Humanities",1972,67.44,121,1
2.17,22,9783,"Buisness",1971,66.87,120,0
2.65,15,9743.17,"STEM",1964,67.82,121,1
2.09,5,9792.9,"STEM",1962,70.4,122,1
1.98,21,5459.65,"Other",1988,69.07,120,0
2.5,10,9741.93,"STEM",1982,68.72,121,0
2.85,72,11714.56,"Professional",1966,66.49,122,0
1.59,9,13182.38,"Vocational",1977,62.92,125,2
2.25,19,13226.57,"Vocational",1970,66.8,121,0
3,25,11700.48,"Professional",1975,64.4,122,1
2.35,17,9764.25,"STEM",1990,70.6,121,0
2.72,27,10258.95,"Humanities",1995,67.31,121,0
1.77,28,10183.71,"Humanities",1981,68.57,122,1
2.84,2,13282.36,"Vocational",1989,67.7,120,1
2.52,7,13256.58,"Vocational",1998,70.11,121,1
3.17,13,11691.75,"Professional",2014,67.44,123,2
3.32,29,13308.19,"Vocational",2015,68.1,122,1
2.84,92,13268.32,"Vocational",1995,67.71,120,0
3,10,10305.06,"Humanities",2006,69.69,121,0
1.86,12,13186.21,"Vocational",1975,69.49,120,1
2.94,34,11703.26,"Professional",1981,69.98,121,2
2.37,20,13226.83,"Vocational",1995,70.33,122,0
2.72,15,9745.75,"STEM",1975,68.07,122,2
2.88,166,10288,"Buisness",1988,67.62,123,0
2.55,15,10255.66,"Humanities",1983,69.67,120,2
2.56,0,11751.28,"Professional",1972,69.6,122,0
2.52,21,10252,"Buisness",2014,67.81,121,2
2.38,72,13216.21,"Vocational",1980,69.01,123,0
2.52,14,9748,"Buisness",2007,67.46,120,0
2.84,13,10284.26,"Humanities",2001,67,122,1
2.63,20,9737,"Buisness",1967,71.52,120,2
2.67,17,9710.97,"STEM",1983,64.07,120,2
2.64,20,13250.34,"Vocational",1973,67.02,120,1
2.65,41,13273.14,"Vocational",2009,69.22,120,0
3.11,31,13315.98,"Vocational",2010,64.71,120,0
2.26,5,10248.25,"Humanities",2003,65.65,121,1
2.68,9,10242.97,"Humanities",1979,66.06,123,2
1.61,1,9851.03,"STEM",1969,66.77,120,0
2.18,22,10202.61,"Humanities",1962,68.5,120,2
1.86,15,10186,"Buisness",1962,61.85,121,0
2.18,1,13221.01,"Vocational",2000,67.69,120,1
2.39,6,10242.25,"Humanities",1961,68.76,120,1
2.48,24,13250.79,"Vocational",2007,67.18,122,0
2.11,54,9792.64,"STEM",1975,68.09,124,0
2.27,1,10245.29,"Humanities",1975,67.41,120,0
2.21,0,11791.91,"Professional",1970,69.08,121,0
3.39,18,5323.15,"Other",1970,68.84,121,1
3.18,24,9681.75,"STEM",1980,66.74,121,1
2.31,13,13240.05,"Vocational",1979,70.07,123,0
3.19,22,9672.09,"STEM",2007,70.67,125,1
2.86,52,13289.75,"Vocational",1994,66.1,120,4
3.11,43,10312.75,"Humanities",1998,68.01,121,1
2.24,87,11770.25,"Professional",1969,66.75,122,0
2.11,12,10201.36,"Humanities",1981,66.5,122,4
2.94,0,11704.1,"Professional",1995,70.96,124,1
3.16,11,11679.18,"Professional",1985,62.77,122,0
2.55,5,9746.67,"STEM",1976,66.2,122,1
3.48,12,10348,"Buisness",1998,65.44,122,0
2.66,49,11724.08,"Professional",1991,67.95,121,0
2.15,34,13219.88,"Vocational",2007,68.15,121,0
3.49,4,9653.43,"STEM",2008,70.81,123,1
2.83,10,13282.91,"Vocational",1972,66.2,121,4
2.27,14,10216.01,"Humanities",1994,71.49,123,1
1.82,36,11796.99,"Professional",2010,68.36,124,1
3.06,3,11695.18,"Professional",1978,69.33,123,1
1.96,12,9809.66,"STEM",2014,66.66,122,0
1.58,49,7401.34,"Other",2004,70.49,121,0
2.25,23,10227.54,"Humanities",1998,70.9,122,2
2.91,4,11706.39,"Professional",1961,66.25,121,0
3.05,10,10307.47,"Humanities",2000,63.81,123,0
2.8,22,11731.4,"Professional",1975,71.58,120,1
2.49,1,10249,"Buisness",1996,67.16,122,1
2.26,15,9774,"Buisness",1975,65.21,121,1
2.21,17,13219.38,"Vocational",1987,67.92,121,0
2.15,36,9781.27,"STEM",1967,74.74,120,2
2.02,36,10207.1,"Humanities",1988,66.76,122,4
2.04,3,5015.7,"Other",1962,68.39,125,0
2.14,4,13218.01,"Vocational",2013,66.86,126,1
2.13,9,10224.08,"Humanities",2015,67.73,123,1
1.93,7,11803.01,"Professional",1985,72.37,121,1
2.83,34,9693.66,"STEM",1976,66.86,120,0
2.34,6,11754.32,"Professional",1986,67.53,121,0
2.27,10,9781.34,"STEM",1980,69.17,121,1
2.18,41,9779.46,"STEM",2001,68.81,120,0
2.49,4,11746.76,"Professional",1978,67.15,121,0
2.46,68,10238.16,"Humanities",2002,69.75,121,1
2.63,2,5011.22,"Other",1967,69.94,120,1
2.93,12,13296.06,"Vocational",1983,69.39,122,0
3.35,20,5404.28,"Other",1971,66.19,121,2
1.89,6,9811,"Buisness",1961,68.57,121,0
2.76,40,6599.51,"Other",2014,69.91,121,1
2.17,20,10211.55,"Humanities",1992,63.52,124,2
2.51,8,9748.89,"STEM",1984,69.05,120,0
2.81,5,5028.85,"Other",1976,66.96,120,2
2.43,2,10252.92,"Humanities",2010,67.34,121,1
2.35,99,9767.67,"STEM",1971,66.26,121,0
1.62,17,11860.21,"Professional",1962,68.05,124,0
2.67,1,10265.01,"Humanities",1980,68.21,122,0
2.7,28,5785.29,"Other",1961,66.11,121,1
2.31,33,10241.54,"Humanities",1991,65.98,125,0
2.72,6,10268.74,"Humanities",2000,70.21,121,0
2.83,39,9717,"Buisness",1977,67.86,120,0
2.71,3,4989.93,"Other",1961,68.97,123,1
2.54,6,10245.21,"Humanities",1999,66.78,120,1
1.22,3,9878.3,"STEM",1985,68.91,124,1
2.23,6,10210.31,"Humanities",1967,67.6,122,0
2.56,8,9743.73,"STEM",1967,67.11,123,0
2.85,6,11711.99,"Professional",1976,66.71,122,1
2.26,17,9769.97,"STEM",1986,69.58,123,1
2.6,21,9741,"STEM",1961,68.04,121,1
2.44,12,9772.34,"STEM",1994,68.23,121,0
1.89,7,13194.37,"Vocational",2014,66.81,120,0
2.56,25,5617.02,"Other",2006,71.62,120,0
2.52,19,5343.78,"Other",2014,67.24,120,1
2.38,2,13243.59,"Vocational",1973,69.93,124,2
2.41,5,10255.11,"Humanities",1990,68.04,120,0
2.64,29,9738.44,"STEM",1999,67.88,122,0
2.03,5,10192.17,"Humanities",1967,65.56,123,0
2.73,81,11553.72,"Other",1979,67.68,121,1
2.87,4,10285.54,"Humanities",1977,67.15,123,1
2.16,2,9773.9,"STEM",2000,69.36,126,1
2.11,17,5308.26,"Other",2000,66.32,121,1
2.06,31,13219.88,"Vocational",2007,64.86,124,0
2.05,117,10205,"Buisness",1972,67.04,122,0
2.41,2,5005.09,"Other",1996,68.15,121,2
2.33,0,9767,"Buisness",1979,68.87,121,0
2.85,4,9715.39,"STEM",1986,69.42,122,0
2.4,24,9740.86,"STEM",1977,70.16,122,1
2.74,14,11714.68,"Professional",1976,66.44,121,0
2.82,22,9711.46,"STEM",1979,68.71,120,1
2.87,26,13298,"Vocational",1980,63.57,120,1
2.79,1,10278.6,"Humanities",1972,71.33,120,1
2.76,7,10274.04,"Humanities",2014,67.43,122,0
3.04,10,9715.89,"STEM",1972,65.57,121,0
2.46,12,9768.13,"STEM",1979,67.4,122,1
2.61,12,9739,"Buisness",1985,65.85,127,0
2.78,36,13271.9,"Vocational",1990,72.46,121,0
2.19,34,13226.37,"Vocational",2010,66.31,120,1
1.77,43,10167.41,"Humanities",1983,69.49,120,0
1.72,15,10177.93,"Humanities",1970,67.07,120,0
1.52,10,10152,"Buisness",1980,69.17,120,1
1.79,35,13181.09,"Vocational",1983,65.6,122,1
2.3,6,13218.51,"Vocational",2011,71,120,0
2.03,10,10203.68,"Humanities",2002,68.49,120,1
2.46,3,11774.77,"Professional",1981,71.19,123,2
2.73,14,9724.66,"STEM",1996,70.82,121,2
2.72,4,11730.07,"Professional",1981,62.56,121,0
2.74,11,5122.65,"Other",2015,66.56,123,0
2.67,4,11718.48,"Professional",1961,68.04,122,0
2.3,65,10230.43,"Humanities",1976,65.61,122,1
1.98,65,13191.83,"Vocational",1973,66.44,121,1
2.65,5,13265.32,"Vocational",2005,66.69,120,1
2.84,20,9728.86,"STEM",1963,65.98,120,0
3.02,54,9688.93,"STEM",2011,68.7,121,2
2.18,18,9782,"Buisness",1985,68.72,122,0
2.93,47,11708.66,"Professional",2010,65.91,120,2
2.76,43,11713.22,"Professional",1970,68.87,123,0
2.93,1,10293,"Buisness",1976,66.9,121,0
2.87,20,10287,"Buisness",2006,69.1,120,3
2.93,11,13294.74,"Vocational",1966,68.08,124,1
2.17,30,10238.21,"Humanities",2001,68.11,120,1
2.75,48,10267.59,"Humanities",2002,67.89,122,1
2.77,41,10277.24,"Humanities",1966,68.29,121,0
2.34,37,9775.3,"STEM",1978,66.9,122,1
2.41,42,11759.17,"Professional",2000,71.93,122,0
2.41,39,6523.43,"Other",1981,66.44,123,0
2.26,32,10212.11,"Humanities",1995,66.77,121,0
1.57,31,10164.95,"Humanities",1979,65.92,121,1
2.9,17,9717.33,"STEM",1988,66.47,120,1
2.76,11,9724,"Buisness",1963,67.2,121,1
2.74,6,10268.77,"Humanities",1984,71.71,123,0
2.72,35,9718.71,"STEM",2003,69.38,121,0
2.77,12,10274.29,"Humanities",1990,68.61,122,0
2.66,28,13258.21,"Vocational",1968,71.29,120,2
2.46,0,13244.43,"Vocational",1999,68.28,125,1
3.13,26,5673.58,"Other",2007,70.82,124,2
1.87,20,10185.9,"Humanities",2012,68.47,122,3
3.27,36,10313.42,"Humanities",1985,66.25,125,1
3.4,2,10342.31,"Humanities",1976,66.79,121,0
2.77,50,11733.82,"Professional",2013,70.58,121,3
2.52,13,11735.76,"Professional",1997,68.09,125,2
2.7,10,11731.31,"Professional",1990,73.95,120,0
2.78,32,11734.43,"Professional",2013,69.87,121,1
2.53,16,13232.33,"Vocational",1984,72.03,125,0
3.07,5,10307,"Buisness",1976,66.94,120,0
2.34,1,11769.91,"Professional",1970,65.89,121,0
2.6,0,10260,"Buisness",2006,70.24,120,1
2.88,38,10282.51,"Humanities",2003,66.55,121,0
2.48,52,10248,"Buisness",1972,68.35,120,1
1.99,14,9808.87,"STEM",1999,70.83,123,0
1.83,4,9817,"Buisness",2013,65.73,121,2
2.32,10,11772.16,"Professional",1980,66.82,121,1
2.41,0,10232.77,"Humanities",2002,67.98,122,2
1.9,2,5006.48,"Other",1962,67.22,125,0
2.92,85,11694.05,"Professional",1961,69.16,121,0
3.21,18,11691.28,"Professional",2008,68.2,125,2
2.83,0,13277.76,"Vocational",2003,66.87,121,0
3.28,17,11673.18,"Professional",1992,68.48,121,0
2.47,3,13250.49,"Vocational",2013,68.68,121,2
2.56,6,13260.55,"Vocational",2007,66.28,124,1
2.59,10,9735.25,"STEM",1992,67.96,120,2
2.22,10,11800.64,"Professional",1977,68.01,121,0
2.25,2,5003.43,"Other",1999,68.67,120,0
2.77,7,9723,"Buisness",1969,68.73,120,2
2.62,36,9745.93,"STEM",1979,69.65,122,3
1.87,5,13187.23,"Vocational",1961,68.4,126,2
2.23,2,10228.15,"Humanities",2004,66.57,121,1
2.4,44,10229.69,"Humanities",1986,69.39,121,3
2.4,3,10240,"Buisness",1986,65.71,120,0
2.35,35,13222.12,"Vocational",1999,69.27,121,0
2.19,7,10220.14,"Humanities",1970,72.35,121,0
2.45,8,13264.9,"Vocational",1966,68.02,126,2
3.72,2,5013.43,"Other",1994,68.51,121,0
2.55,106,16237.45,"Other",1979,69.07,121,0
2.8,38,6449.9,"Other",1985,66.5,122,1
2.64,15,10265.64,"Humanities",2003,64.96,121,0
3.14,4,9708.61,"STEM",1962,71.61,120,1
2.39,2,10255.09,"Humanities",1977,67.3,122,1
2.31,18,10231.88,"Humanities",1964,70.88,121,0
2.48,6,11740.69,"Professional",2014,62.8,121,1
1.94,22,11829.15,"Professional",2003,65.43,123,0
2.08,35,10211.33,"Humanities",1989,70.52,121,1
1.99,70,10215.39,"Humanities",2002,69.08,122,0
2.34,15,5231.57,"Other",2012,65.07,124,0
2.67,2,13258.08,"Vocational",2002,70.18,124,0
2.54,75,10255.21,"Humanities",2002,68.94,129,1
2.9,1,9700.59,"STEM",1969,68.44,126,0
2.78,19,9715.01,"STEM",2011,66.36,120,0
2.85,6,10285,"Buisness",1960,69.64,120,0
2.84,4,11729.07,"Professional",1962,64.96,120,4
3.05,54,10292.6,"Humanities",1978,69.2,121,0
3.58,4,11646.06,"Professional",2014,67.3,124,1
1.56,17,9855.46,"STEM",1972,69.24,122,1
2.54,39,9755.42,"STEM",1972,70.83,120,3
2.29,6,9770.64,"STEM",2014,67.3,120,1
2.62,41,9728.86,"STEM",2014,66.2,121,1
2.14,27,13234.44,"Vocational",1970,72.03,124,0
2.31,36,11764.29,"Professional",1998,67.91,122,1
2.24,14,9768.56,"STEM",1995,66.69,121,3
2.65,3,5003.43,"Other",1993,68.93,120,3
2.61,15,11737.11,"Professional",1986,71.33,126,1
2.34,3,11754.04,"Professional",1998,64.6,120,5
2.65,27,10265,"Buisness",1972,69.1,122,0
1.75,1,11833.24,"Professional",1975,67,121,0
2.67,1,10267,"Buisness",1992,67.58,122,2
2.63,64,11715.74,"Professional",2013,68.62,128,0
2.97,12,9703,"Buisness",1997,66.84,123,0
2.82,94,13267.26,"Vocational",2015,68.65,121,0
2.59,32,9725.58,"STEM",1989,68.59,121,2
2.53,15,13265.34,"Vocational",1972,65.96,122,1
2.3,12,13228.28,"Vocational",1971,69.49,121,0
3.83,24,10382.91,"Humanities",1994,67.92,120,0
2.3,70,9893.06,"Other",1988,72.89,122,0
3.1,11,9697.48,"STEM",1974,68.56,122,0
2.74,28,9718.64,"STEM",1971,68.09,122,0
2.24,3,9799.39,"STEM",1983,68.33,122,1
2.78,14,10274.49,"Humanities",1962,65.59,121,2
2.26,16,11767.76,"Professional",2001,63.96,125,0
2.89,32,9726.38,"STEM",2006,66.26,122,1
2.32,7,10232,"Buisness",1994,62.94,120,1
2.56,8,10243.44,"Humanities",2007,69.9,121,0
2.1,2,5007.64,"Other",1971,68.99,122,0
2.09,9,9779.11,"STEM",1975,66.33,121,1
2.91,27,13274.44,"Vocational",2005,67.46,125,0
2.01,1,13196.91,"Vocational",1996,69.28,122,1
2.48,5,11750.36,"Professional",1984,64.63,121,4
2.38,104,13237.07,"Vocational",1993,68.4,122,1
2.87,20,5393.86,"Other",1968,69.12,120,1
2.61,3,10259.73,"Humanities",1978,67.11,122,1
2.66,56,9729.1,"STEM",2008,67.99,121,1
2.84,10,10274.12,"Humanities",1993,69.31,120,2
2.26,26,9771.63,"STEM",2014,71.52,120,4
2.68,54,10251.36,"Humanities",2010,68,120,1
2.23,18,10234.09,"Humanities",1997,67.2,121,1
1.86,32,13192.07,"Vocational",1972,69.14,121,0
2.86,10,9723.34,"STEM",1990,68.41,125,0
2.77,1,9723,"Buisness",1985,66.2,122,1
2.72,45,9740.94,"STEM",2006,67.27,121,1
2.63,4,5007.03,"Other",2011,68.01,122,1
1.67,20,10171.76,"Humanities",1969,66.89,121,1
2.8,2,10273.78,"Humanities",2001,69.19,121,1
2.66,12,11714.47,"Professional",2009,67.01,122,4
2.96,10,11712.81,"Professional",1973,64.54,120,2
2.43,15,9769.09,"STEM",2011,69.97,131,1
2.5,29,11740.49,"Professional",2001,67.85,121,1
2.45,38,13243.95,"Vocational",1965,66.82,121,0
3.24,7,10310.53,"Humanities",1975,72.55,121,1
2.67,113,11734.28,"Professional",2002,68.28,122,1
1.59,4,10157.06,"Humanities",2003,68.65,122,0
2.52,19,10244.67,"Humanities",1999,71.52,121,1
2,2,9800,"Buisness",2011,67.2,121,2
2.05,3,10184.77,"Humanities",2010,66.5,120,2
3.12,37,11680.3,"Professional",1967,67.11,120,0
1.65,37,6371.86,"Other",2006,70.87,121,0
2.25,14,9788.71,"STEM",2006,68.52,121,2
1.45,16,9864.17,"STEM",1989,68.25,122,0
2.08,57,9796.1,"STEM",1970,68.26,121,0
1.85,5,11818.14,"Professional",2000,68.44,120,2
1.48,32,9852,"Buisness",1989,66.12,121,1
2.53,36,11747.95,"Professional",1974,68.46,121,1
2.55,9,9735.84,"STEM",1970,68.9,122,1
1.83,9,9817,"Buisness",2013,66.9,126,0
3.34,9,11658.98,"Professional",1993,67.12,123,0
2.46,12,9754,"Buisness",2013,65.24,120,1
1.86,18,10180.48,"Humanities",2004,68.02,120,1
2.42,32,9767.26,"STEM",2008,70.23,121,3
2.33,7,9749.26,"STEM",1991,69.49,121,0
1.97,25,9801.55,"STEM",1991,72.93,124,0
2.35,3,10232.86,"Humanities",1971,70.31,121,0
2.68,21,10251.16,"Humanities",1995,67.32,122,1
3.13,12,9683.79,"STEM",1988,68.61,120,1
3.14,1,10314,"Buisness",1988,69.83,121,2
2.02,26,5684.37,"Other",2015,65.59,120,1
1.86,40,9793.93,"STEM",1973,69.93,121,1
3.09,19,13318.81,"Vocational",1993,68.1,121,4
2.57,24,10257,"Buisness",2002,66.11,120,1
3.03,7,13304.5,"Vocational",2006,67.52,122,1
2.36,4,9761.69,"STEM",2005,65.51,127,1
2.41,27,9738.1,"STEM",1991,67.92,120,2
3.08,10,9676.95,"STEM",1977,69.89,120,1
2.35,9,9788.39,"STEM",2014,65.57,122,0
2.42,23,10251.41,"Humanities",1974,67.97,120,2
2.43,39,9759.2,"STEM",1983,66.05,121,0
2.59,23,9733.14,"STEM",1991,67.02,121,0
1.62,55,11836.85,"Professional",1962,68.25,122,1
2.58,13,10267.56,"Humanities",2015,67,123,1
2.11,28,5767.6,"Other",2001,64.99,120,2
1.44,30,10144,"Buisness",1962,67.69,121,0
1.85,24,5571.44,"Other",1984,70.7,121,0
2.14,1,10192.65,"Humanities",2001,71.45,124,0
2.33,48,10233,"Buisness",1972,65.14,122,0
2.36,38,9764,"Buisness",1993,69.21,122,1
2.2,22,9780,"Buisness",2003,68.33,127,1
2.03,9,13190.97,"Vocational",2015,65.49,121,0
3.41,11,9659,"Buisness",1987,63.99,121,0
2.42,17,10251.02,"Humanities",1983,67.62,121,0
2.62,63,10265.8,"Humanities",1974,67.19,120,0
2.62,2,9738,"Buisness",2011,68.04,123,1
2.99,4,11688.72,"Professional",1965,69.28,122,3
2.64,24,9726.07,"STEM",1964,67.54,121,1
2.82,40,13272.77,"Vocational",1965,65.55,124,1
2.23,55,9788.66,"STEM",1977,67.08,124,2
2.18,19,11782.03,"Professional",2007,69.07,123,0
2.96,46,13287.83,"Vocational",2015,72.62,123,0
2.94,29,13301.78,"Vocational",1971,63.28,120,1
1.91,41,11815.2,"Professional",1973,67.01,125,0
2.86,49,13279.77,"Vocational",1966,67.57,122,0
2.56,6,9744,"Buisness",2011,69.82,121,1
2.08,18,13208.13,"Vocational",1977,71.66,123,1
1.91,13,10178.55,"Humanities",1982,70.56,123,1
1.98,12,9807.22,"STEM",2013,68.64,120,1
2.46,83,10246,"Buisness",1996,68.51,120,1
2.62,15,11745.21,"Professional",1998,67.9,120,0
2.5,5,10250,"Buisness",1976,64.8,121,3
2.72,43,10272,"Buisness",2014,68.54,125,0
2.25,15,10227.43,"Humanities",1996,70.85,121,0
2.56,5,11732.14,"Professional",1984,68.62,120,1
2.97,29,9714.45,"STEM",1984,65.74,126,1
1.65,51,10165,"Buisness",1996,64.05,120,0
2.37,13,11757.32,"Professional",1972,67.46,128,1
2.54,10,9750.49,"STEM",1967,71.61,121,2
2.27,3,10219.97,"Humanities",2006,66.18,128,0
2.21,1,13226.31,"Vocational",1964,69.98,121,0
2.67,26,9735.16,"STEM",1961,66.42,120,1
3.01,7,9700.59,"STEM",2008,67.94,121,1
2.88,121,11714.83,"Professional",2005,68.84,124,0
2.17,17,11776.29,"Professional",1983,67.08,120,1
2.41,3,9759.82,"STEM",1984,66.53,120,0
2.08,4,13213.62,"Vocational",1962,72.42,121,1
2.48,94,9752,"Buisness",2007,70.13,120,0
2.98,7,13299.09,"Vocational",1967,64.18,121,1
1.87,38,11814.15,"Professional",1981,71.47,120,0
2.21,54,9779,"Buisness",1971,68.54,121,7
2.15,7,13205.18,"Vocational",2004,70.1,120,0
3.13,17,13334.15,"Vocational",2012,71.59,120,1
2.95,6,13296.32,"Vocational",2009,70.36,120,1
2.74,29,13283.6,"Vocational",1965,64.9,121,1
2.13,3,10203.76,"Humanities",1970,66.93,121,0
2.48,22,9766.5,"STEM",1980,66.51,122,1
2.52,5,13268.63,"Vocational",1988,67.63,123,1
2.78,50,9714.2,"STEM",1975,67.46,126,0
2.46,13,13243.73,"Vocational",1984,66.94,121,2
2.96,18,13309.87,"Vocational",1999,70.51,120,0
3.17,5,5025.2,"Other",2013,66.62,123,0
2.31,11,10243.65,"Humanities",1963,65.85,121,1
2.42,8,9756.35,"STEM",1998,67.74,121,0
2.62,15,11745.26,"Professional",1991,66.72,128,1
1.98,13,13210.9,"Vocational",1995,66.91,122,1
2.82,3,13295.47,"Vocational",1970,67.89,121,1
2.7,38,10262.64,"Humanities",2008,65.48,122,1
2.03,16,5246.72,"Other",1992,68.94,121,1
2.66,5,10246.64,"Humanities",1994,68.62,122,1
2.31,3,9755.69,"STEM",1968,70.72,127,0
3.4,2,11673.74,"Professional",1979,65.11,123,1
2.45,2,5000.57,"Other",1990,68.69,122,0
2.62,6,13251.92,"Vocational",1994,73.33,121,0
2.46,36,9746.61,"STEM",1999,67.36,123,1
2.01,39,9793.42,"STEM",2014,69.2,123,1
2.32,3,11758.24,"Professional",1986,70.42,122,2
3.24,28,11681.28,"Professional",1961,71.08,126,2
2.38,6,10226.27,"Humanities",1984,64.33,120,1
2.99,6,11715.51,"Professional",1977,73.27,127,0
3.24,47,11661.32,"Professional",1965,69.79,121,1
3.14,4,13332.38,"Vocational",2003,71.03,121,0
1.59,7,13154.45,"Vocational",2002,68.78,123,0
3.19,8,13323.23,"Vocational",1990,69.43,120,1
2.59,14,5195.26,"Other",1984,68.1,120,1
2.86,11,10299.28,"Humanities",2007,66.1,120,1
2.68,35,13257.55,"Vocational",2001,64.02,120,1
2.64,3,10272.42,"Humanities",2005,70.09,123,1
2.55,12,10260.74,"Humanities",1976,67.41,123,3
2.08,20,5403.32,"Other",1975,67.03,126,1
2.74,38,11738.43,"Professional",1991,69.35,123,1
2.83,14,11704.9,"Professional",2015,66.62,123,1
2.35,10,13250.54,"Vocational",2010,68.71,121,2
1.96,11,10196,"Buisness",2012,71,121,1
2.74,6,11733.4,"Professional",2006,67.61,120,0
2.79,16,11717.73,"Professional",2011,68.88,120,0
2.29,40,9786.16,"STEM",1987,67.78,122,0
2.36,9,9765.54,"STEM",2008,71.28,121,1
2.86,33,9714,"Buisness",1989,62.08,121,0
2.33,55,11766.7,"Professional",2002,69.93,121,1
3.11,26,10305.83,"Humanities",2007,67.37,121,1
2.54,13,13249.07,"Vocational",2000,67.26,120,0
2.93,7,9724.54,"STEM",1974,69.38,121,3
2.42,5,10233.48,"Humanities",1983,69.29,126,2
2.53,0,9752,"STEM",1997,68.91,121,1
1.94,6,11806.47,"Professional",2015,67.73,125,1
3.41,8,9660.06,"STEM",1974,68.99,121,0
2.77,55,10269.34,"Humanities",2007,71.71,125,0
2.43,3,10243,"Buisness",1972,68.2,121,4
2.02,21,13203.4,"Vocational",1968,70.85,123,0
3.65,25,10348.83,"Humanities",2008,66.11,122,0
3.15,57,9679.8,"STEM",1978,68.07,124,0
2.13,3,10216.75,"Humanities",1991,67.48,121,1
3.4,35,6223.7,"Other",1995,66.98,122,0
3.19,8,10319,"Buisness",1960,68.19,121,0
2.11,55,13248.66,"Vocational",1965,71.13,121,3
2.49,10,13241.51,"Vocational",2012,69.4,121,0
2.73,21,9714.75,"STEM",1988,68.01,121,0
3.09,18,9706.35,"STEM",1985,71.03,121,1
2.34,5,9766,"Buisness",1989,69.19,121,0
3.54,17,10345.51,"Humanities",1989,64.92,121,1
2.04,49,10203.91,"Humanities",1967,62.73,121,4
1.85,46,10184.71,"Humanities",1990,67.25,120,4
2.3,6,5020.16,"Other",2001,65.45,120,0
2.1,17,9782.49,"STEM",1971,67.86,124,1
2.29,63,11752.29,"Professional",1992,70.6,123,2
2.69,22,9726.95,"STEM",1965,69.35,120,3
2.53,53,10251.45,"Humanities",2004,66.22,121,2
2.38,48,13235.27,"Vocational",2006,66.63,128,1
3.09,2,10305.7,"Humanities",2001,70.51,126,1
2.78,20,9719.19,"STEM",1969,65.99,123,3
2.22,6,10222,"Buisness",1968,69.63,124,2
3.28,0,13329.21,"Vocational",1998,67.2,123,1
2.45,27,13243.31,"Vocational",1991,66.56,120,0
4,24,9604.98,"STEM",1983,66.43,124,0
2.69,2,11725.7,"Professional",2000,71.8,120,2
2.03,4,11789.91,"Professional",1977,65.87,121,1
2.94,8,10294,"Buisness",1966,68.36,124,2
2.22,6,10218.28,"Humanities",2007,69.95,120,1
2.89,70,10280.36,"Humanities",1999,66.26,120,1
2.34,39,13236.06,"Vocational",1969,69.93,123,3
3.1,1,13324.32,"Vocational",1996,69.21,123,0
1.98,19,11827.24,"Professional",1985,66.4,120,6
2.79,7,13290.89,"Vocational",1963,69.14,122,0
2.37,45,13248.94,"Vocational",1983,67.5,121,1
2.9,34,13281.62,"Vocational",2000,68.33,122,0
1.81,15,10176.59,"Humanities",2002,65.52,122,2
2.52,45,9731.12,"STEM",2000,71.93,123,0
2.58,32,11734.53,"Professional",1992,66.75,120,0
2.98,47,10314.63,"Humanities",1971,67.29,121,1
2.87,5,11690.95,"Professional",1969,68.14,121,1
2.81,23,9713.02,"STEM",2013,69.43,123,0
3.01,21,11711.36,"Professional",2001,69.25,122,1
2.24,16,9776,"Buisness",1969,69.53,121,1
2.7,8,9730,"Buisness",1977,69.26,122,1
2.33,20,5414.39,"Other",1979,65.42,121,1
2.15,3,13224.54,"Vocational",2009,71.53,120,0
2.88,0,11718.27,"Professional",2000,68.81,120,0
2.87,128,13286.05,"Vocational",1991,68.27,122,1
1.95,10,9799.1,"STEM",1992,67.73,125,0
3.02,76,10297.72,"Humanities",2003,63.97,121,2
1.85,7,9820.7,"STEM",1968,69.54,121,1
2.53,35,9750.98,"STEM",2008,73.71,121,0
3.58,2,13348.06,"Vocational",1980,68.16,121,0
2.41,56,10250.97,"Humanities",1976,68.22,126,1
1.98,0,4996.61,"Other",1987,67.05,120,0
2.27,9,13229.48,"Vocational",1973,68.39,121,2
2.53,84,12061.73,"Other",1971,67.67,121,3
2.19,56,10219,"Buisness",1970,70.2,121,0
2.42,9,10249.25,"Humanities",1983,66.43,125,1
2.8,29,10279.53,"Humanities",1972,68.03,126,0
2.48,3,11753.33,"Professional",1975,67.7,120,1
2.07,13,9793,"Buisness",1983,71.48,121,0
1.86,50,11818.91,"Professional",1986,69.4,120,1
3.03,3,11697.44,"Professional",2007,66.98,124,1
2.79,29,9721,"Buisness",1981,66.58,123,0
2.61,14,9739,"Buisness",1975,63.8,120,1
2.43,13,9759.02,"STEM",1987,63.33,122,1
3.24,19,10305.79,"Humanities",1982,68.74,120,2
1.53,25,5610.81,"Other",2014,68.96,123,4
2.66,21,13261.52,"Vocational",1980,68.93,123,1
3.15,24,5576.91,"Other",2009,68.53,125,0
2.67,65,10267,"Buisness",1982,67.37,123,1
2.79,33,9717.91,"STEM",1964,64.98,123,0
2.6,7,13255.93,"Vocational",2002,69.64,122,1
2.48,7,13253.6,"Vocational",1962,70.19,122,4
2.43,0,10243,"Buisness",1974,68.78,120,1
2.83,5,9714.34,"STEM",2008,69.89,120,2
2.45,17,10241.12,"Humanities",2015,70.83,120,1
2.62,18,11727.44,"Professional",1996,66.92,120,1
2.62,8,9738,"Buisness",1979,67.73,124,1
2.32,2,5009.11,"Other",2008,69.02,122,2
2.47,2,5010.2,"Other",2013,65.26,121,1
2.33,30,11766.25,"Professional",2014,67.69,121,2
2.89,3,9710.83,"STEM",1997,65.46,121,0
2.51,8,9738.19,"STEM",2009,68.19,120,1
2.17,38,9784.24,"STEM",1987,66.26,124,1
2.62,38,6447.11,"Other",2002,69.13,121,1
3,21,11684.08,"Professional",1989,71.27,120,2
2.11,26,11784.77,"Professional",1981,67.17,121,0
2.34,58,11773.94,"Professional",1968,70.26,120,1
2.4,6,13254.17,"Vocational",1978,68.79,120,1
2.24,10,5101.81,"Other",2001,68.52,122,1
2.88,50,7506.75,"Other",2009,67.59,121,0
3.92,25,9611.08,"STEM",2015,64.91,120,0
3.19,4,13304.71,"Vocational",1963,66.86,121,1
3.06,34,13303.45,"Vocational",2007,66.01,123,1
1.72,13,11809.34,"Professional",1993,66.19,122,0
1.9,51,9810,"Buisness",1971,67.73,126,0
2.69,30,10283.56,"Humanities",1997,71.29,122,2
2.76,3,9708.51,"STEM",1961,68.75,120,0
2.75,37,6379.69,"Other",1999,67.19,123,0
1.82,13,9810.42,"STEM",1994,69.19,123,1
3.12,25,11696.13,"Professional",1974,67.09,121,0
3.17,4,11659.6,"Professional",1983,72.03,122,0
2.38,51,9757.73,"STEM",1979,67.39,122,1
2,4,13213.52,"Vocational",1991,70.34,127,0
2.11,30,10195.19,"Humanities",1967,67.15,122,0
2.61,79,11734.36,"Professional",2013,70.33,123,2
2,92,10191.19,"Humanities",2012,67.63,122,1
2.75,4,13286.36,"Vocational",1963,68.72,120,0
2.26,27,13214.64,"Vocational",1961,69.74,121,0
1.76,28,9818.34,"STEM",2001,68.61,122,0
2.98,2,10289.88,"Humanities",1963,67.91,121,0
2.05,4,11781.73,"Professional",1990,68.06,120,0
2.5,24,10250,"Buisness",2006,68.85,121,2
1.42,12,5159.3,"Other",2011,67.08,122,0
3.1,6,11700.35,"Professional",2000,68.02,125,1
2.24,47,9767.49,"STEM",1968,70.67,129,0
2.92,29,10292,"Buisness",1964,71.92,120,0
3.04,20,13302.5,"Vocational",2010,68.96,122,2
3.43,38,9637.07,"STEM",1997,68.93,120,0
2.95,52,13303.6,"Vocational",2014,68.8,121,1
3.31,17,11673.86,"Professional",1961,68.92,122,0
2.34,2,13237.16,"Vocational",1999,65.87,120,1
2.99,8,5056.72,"Other",1995,67.15,120,0
2.88,14,9700.5,"STEM",1965,72.01,123,1
2.28,24,9789.8,"STEM",1963,66.03,121,1
2.41,17,9766.26,"STEM",1977,71.59,121,1
2.61,2,9727.2,"STEM",1992,71.84,120,2
2.19,39,13228.53,"Vocational",2002,68.86,124,3
2.29,7,9770.19,"STEM",1967,68.93,120,0
2.16,27,9778.55,"STEM",1986,69.56,123,2
2.09,10,13223.92,"Vocational",1984,70.91,120,2
2.26,36,10226,"Buisness",1994,69.3,123,1
2.05,48,11796.6,"Professional",1978,72.35,121,2
2.52,4,13237.15,"Vocational",2013,66.87,122,1
2.51,27,10254.07,"Humanities",1992,66.66,121,1
2.69,17,10282.65,"Humanities",2015,66.88,122,3
2.26,11,11787.21,"Professional",1983,64.89,121,0
1.92,35,9816.94,"STEM",2003,67.44,121,0
2.09,18,11795.45,"Professional",1964,70.96,120,0
2.41,22,10241,"Buisness",1960,68.29,123,1
2.38,73,9766.38,"STEM",2002,67.87,121,0
2.62,15,9754.3,"STEM",1998,65.67,122,0
3.19,3,10320.15,"Humanities",1987,68.56,122,0
1.98,2,4998.98,"Other",1991,67.58,121,2
2.73,13,9728.67,"STEM",1967,70.62,121,0
2.4,30,9767.83,"STEM",1968,64.78,124,1
2.37,6,13235.7,"Vocational",2010,67.92,121,1
3.5,21,11670.81,"Professional",1988,66.54,120,0
2.82,8,9718,"Buisness",1997,67.59,121,0
2.06,58,13198.83,"Vocational",1961,66.81,121,2
3.36,12,9664,"Buisness",1967,70.12,120,1
2.81,11,11727.35,"Professional",1993,69.82,120,0
3.21,51,10316.48,"Humanities",1999,65.76,122,1
2.32,7,5046.59,"Other",2007,68.12,122,0
2.69,25,11733.73,"Professional",1990,70.73,121,0
2.26,63,9773.71,"STEM",1997,67.42,122,1
2.25,2,10232.35,"Humanities",1998,71.13,120,2
1.41,12,10149.78,"Humanities",1974,64.71,120,2
2.6,0,5003.08,"Other",2011,67.06,120,3
2.93,37,11703.01,"Professional",2001,70.05,124,0
1.58,2,10139.17,"Humanities",1980,66.6,125,1
2.69,2,13272.67,"Vocational",1982,70.23,122,0
3.47,7,5057.03,"Other",1974,68.93,120,0
2.64,35,13282.64,"Vocational",1979,65.8,121,2
3.22,40,6589.49,"Other",1996,67.98,120,1
2.31,64,9076.75,"Other",1995,70.71,122,0
2.42,16,9755.66,"STEM",1969,69.76,123,0
1.75,26,11837.05,"Professional",1990,68.08,121,0
3.46,33,9662.44,"STEM",1961,67.37,120,1
2.63,1,10244.11,"Humanities",1971,69.87,121,3
1.47,5,10147,"Buisness",1988,65.52,121,1
2.06,11,13204.57,"Vocational",1962,65.22,124,1
2.94,2,9707.5,"STEM",2001,65.91,123,2
2.55,13,10242.01,"Humanities",1996,70.56,125,1
2.34,19,13230.14,"Vocational",1973,69.68,120,1
2.34,4,9749.75,"STEM",1974,68.99,121,2
2.95,17,11713.99,"Professional",1976,65.64,120,2
2.94,18,13299.18,"Vocational",1972,70.4,122,1
2.43,5,11767.02,"Professional",1983,66.71,126,3
2.47,52,9745.71,"STEM",1977,65.87,121,1
2.24,8,9780.68,"STEM",1991,68.16,121,1
2.62,5,9729.31,"STEM",1970,69.1,123,0
2.18,4,11780.19,"Professional",1971,66.44,120,0
2.86,37,9707.85,"STEM",1961,70.47,127,1
1.85,12,9815,"Buisness",1995,64.32,124,0
2.87,2,9724.12,"STEM",1999,68.93,121,1
2.33,64,10230.55,"Humanities",1979,68.77,121,0
3.15,12,10310.45,"Humanities",2011,69.38,123,3
1.91,32,13210.5,"Vocational",1961,66.19,123,5
2.56,11,9768.31,"STEM",1972,68.42,122,2
2.94,6,9695.82,"STEM",1967,69.58,122,1
2.68,19,9724.19,"STEM",1962,70.39,120,0
2.02,0,11811.99,"Professional",1995,66.67,121,1
2.72,6,13270.85,"Vocational",1971,69.65,120,0
1.77,1,9823,"Buisness",1975,68.17,121,1
2.99,25,11685.48,"Professional",2001,69.25,131,0
2.05,37,6372.41,"Other",1980,68.78,121,2
2.32,17,5276.98,"Other",1985,68.35,123,0
2.89,24,11707.8,"Professional",1988,68.6,121,1
3.38,4,10344.07,"Humanities",2014,67.72,121,2
1.99,0,9775.66,"STEM",1975,66.99,120,1
2.89,22,10289,"Buisness",2008,66.37,120,1
2.85,4,5024.65,"Other",1986,69.93,125,2
1.45,7,10145,"Buisness",1990,64.06,122,2
2.08,14,11787.78,"Professional",1997,69.17,121,1
1.78,36,10157.28,"Humanities",2000,70.34,123,0
1.9,6,10190,"Buisness",2010,66.8,124,0
3.38,39,9658.1,"STEM",2001,69.83,125,0
2.21,12,9774.37,"STEM",1987,64.33,120,1
2.2,2,13212.62,"Vocational",1969,69.82,126,1
2.93,3,9711.83,"STEM",2003,65.69,120,2
1.92,11,9812.65,"STEM",2004,66.88,122,0
2.75,23,13274.04,"Vocational",2001,64.34,120,1
3.24,9,9675,"STEM",2001,69.43,120,5
2.33,15,11768.37,"Professional",2006,68.11,122,0
2.97,12,5145.3,"Other",1963,70.99,121,0
2.63,10,11720.77,"Professional",1995,65.97,120,1
1.61,8,9839,"Buisness",2015,70.45,120,0
2.51,19,11739.64,"Professional",1963,68.25,122,0
2.25,21,13226.51,"Vocational",1962,68.44,122,1
2.32,6,5042.76,"Other",1964,67.24,121,1
1.88,39,13205.77,"Vocational",1985,66.02,121,1
2.35,7,10240.76,"Humanities",1992,66.01,121,1
1.99,21,9801,"Buisness",1981,69.67,125,0
2.55,14,13267.69,"Vocational",1977,66.3,121,2
3.04,9,13308.8,"Vocational",1979,70.07,126,0
3.03,1,9697,"Buisness",2009,67.21,125,1
2.27,14,10205.91,"Humanities",2005,65.59,123,0
2.94,4,10294,"Buisness",1974,72.04,125,0
1.89,1,11806.91,"Professional",1982,69.17,123,1
3.08,3,10312.01,"Humanities",1993,63.72,123,1
2.01,9,11799.46,"Professional",1994,67.61,121,0
2.97,35,13289.6,"Vocational",1961,70.17,121,2
2.8,95,10287.28,"Humanities",1974,67.03,123,3
1.75,14,10187.46,"Humanities",1968,64.34,122,1
3.4,55,13356.45,"Vocational",1968,67.44,120,1
2.56,2,11759.4,"Professional",1962,69.64,120,0
3.19,35,9702.35,"STEM",2005,69.74,121,0
2.35,39,11759.94,"Professional",1986,73.18,124,3
2.39,4,13251.42,"Vocational",1991,67.19,122,0
2.09,58,10209,"Buisness",1994,67.29,120,0
2.35,22,5477.77,"Other",1974,69.13,121,0
2.89,1,9713.92,"STEM",1962,65.85,121,2
3.08,4,13319.61,"Vocational",1998,71.28,123,0
1.79,36,9842.33,"STEM",2012,67.61,121,0
1.81,15,5221.85,"Other",1985,69.47,121,0
2.2,26,13227.68,"Vocational",1982,69,124,1
2.46,64,11742.64,"Professional",1968,67.18,122,2
2.47,11,5129.76,"Other",1973,69.58,120,0
1.26,3,10127.38,"Humanities",2006,65.98,124,3
2.07,26,10207,"Buisness",2000,65.91,121,1
2.43,0,11747.09,"Professional",1994,67.71,120,1
1.92,6,9808,"Buisness",1979,68.44,124,0
1.98,10,13201.4,"Vocational",1984,67.78,122,2
2.55,3,4998.36,"Other",1977,67.88,122,2
2.41,12,10252.65,"Humanities",1990,72.28,125,1
2.2,12,13232.21,"Vocational",2006,66.84,120,0
2.88,2,9711.35,"STEM",1981,67.01,121,1
2.57,13,9741.23,"STEM",1999,66.8,120,3
2.38,2,10238,"Buisness",1994,66.56,122,0
2.49,7,9754.66,"STEM",2006,71.24,120,1
2.31,7,9779.25,"STEM",2005,68.53,121,0
2.38,26,13240.15,"Vocational",2007,70.16,120,3
2.48,96,11744.05,"Professional",2008,65.34,120,1
1.86,31,13182.89,"Vocational",1984,65.9,122,1
2.42,25,11749.22,"Professional",1980,68.9,121,0
2.68,7,10268,"Buisness",1978,71.06,120,0
3.12,24,11671.6,"Professional",1982,72.87,121,1
2.13,2,5002.77,"Other",1961,68.78,126,1
2.79,8,13279.41,"Vocational",1961,62.62,121,0
2.27,8,10200.67,"Humanities",1983,69.31,122,3
2.66,15,10252.35,"Humanities",1982,66.4,121,0
2.27,27,9774.66,"STEM",1994,69.59,123,1
2.53,60,11741.91,"Professional",2012,67.94,120,1
2.42,50,13225.76,"Vocational",1986,64.35,125,2
3.08,4,9673,"STEM",1983,69.66,120,1
3.43,14,10343,"Buisness",1974,69.45,128,2
1.64,12,13160.53,"Vocational",1985,68.71,122,1
2.9,22,10272.47,"Humanities",2006,65.36,124,0
2.35,31,10235,"Buisness",1994,68.95,121,0
2.31,55,9769,"Buisness",2001,64.15,122,0
2.69,23,11721.84,"Professional",1982,69.06,121,0
2.13,10,10227.17,"Humanities",1999,66.88,121,1
3.13,34,11683.66,"Professional",2013,64.33,120,1
2.65,54,13255.14,"Vocational",1985,67.88,120,1
2.67,3,13257.47,"Vocational",2013,65.84,121,1
2.55,19,13255.25,"Vocational",1984,69.56,122,1
2.79,26,13262.21,"Vocational",1970,66.79,123,2
2.52,59,13256.01,"Vocational",1986,67.16,124,5
2.01,1,9804.6,"STEM",1983,69.03,125,0
2.1,61,9790,"Buisness",1999,68.54,122,1
3.09,32,9691,"Buisness",1989,64.12,120,3
2.84,7,10273.23,"Humanities",1987,70.25,121,1
2.43,32,10241.51,"Humanities",1994,72.7,120,2
2.15,15,11792.48,"Professional",2012,69.38,124,1
2.34,1,11766.04,"Professional",1978,68.18,120,0
2.54,15,9746,"Buisness",1975,65.57,122,0
1.8,2,9825.09,"STEM",1987,66.73,120,1
2.25,8,10245.82,"Humanities",1963,65.55,121,4
3.02,19,9698,"Buisness",1961,70.22,120,2
3.07,3,11690.13,"Professional",1974,68.41,122,2
1.9,35,10190.4,"Humanities",1993,68.91,120,4
3.03,61,9699.32,"STEM",1968,70.26,121,1
2.35,14,13233.85,"Vocational",1978,68.45,122,1
2.71,9,9752.46,"STEM",2014,66.89,121,1
2.99,17,9690.99,"STEM",2005,65.61,120,3
2.44,3,9756.76,"STEM",1962,65.88,123,2
3.21,3,10321,"Buisness",1964,70.06,120,0
2.27,56,8136.62,"Other",1993,66.09,121,1
2.58,29,9731.04,"STEM",1965,70.7,122,0
2.57,16,11757.42,"Professional",2007,62.56,124,1
2.28,12,10237.39,"Humanities",1966,67.78,122,0
3.04,10,13296.6,"Vocational",2007,70.75,121,0
2.76,42,10266.82,"Humanities",1970,65.7,121,2
3.58,1,13362.59,"Vocational",1976,66.26,121,1
2.16,13,5170.42,"Other",1968,65.57,121,1
3.26,6,10326,"Buisness",1970,64.13,122,1
2.53,12,10256.51,"Humanities",2008,67.67,124,1
2.2,1,9776.9,"STEM",1971,74.99,123,1
2.08,17,13218.26,"Vocational",1967,68.68,122,0
2.69,5,13253.05,"Vocational",1969,68.92,121,0
2.78,1,5003.12,"Other",1993,67,122,3
3.18,28,13329.09,"Vocational",1997,69.92,124,1
2.57,51,11739.94,"Professional",1983,69.25,122,0
2.83,6,9712.8,"STEM",2010,67.99,122,1
2.7,53,10275.14,"Humanities",1981,67.78,121,2
3.16,33,13317.48,"Vocational",1979,68.74,122,3
2.94,16,9700.15,"STEM",1968,68.11,121,2
2.96,2,10300.47,"Humanities",1968,67.22,124,0
3.29,5,9670.67,"STEM",1969,66.62,121,1
3.37,5,9663.95,"STEM",2011,72.87,121,0
2.29,14,10216.84,"Humanities",2015,69.19,126,1
2.22,7,13218.95,"Vocational",1993,68.2,124,1
2.39,75,10239,"Buisness",2014,67.51,121,1
3.27,9,11691.23,"Professional",2013,67.03,123,2
2.73,11,5126.91,"Other",1971,71.44,124,1
2.92,13,10288.54,"Humanities",1980,70.98,125,2
2.81,5,13274.03,"Vocational",1993,67.36,121,1
3.01,19,5356.54,"Other",1979,64.25,124,0
2.46,11,11737.94,"Professional",1987,63.2,121,1
2.17,2,13212.48,"Vocational",1996,64.22,124,0
2.73,50,13282.88,"Vocational",1993,65.56,121,2
1.98,0,10198.94,"Humanities",1968,66.06,123,1
2.56,6,13252.12,"Vocational",1976,70.99,120,1
2.46,0,10257.83,"Humanities",1977,65.93,121,0
3.59,17,11627.35,"Professional",2013,65.61,121,1
2.3,55,13220.21,"Vocational",1967,66.23,121,0
2.5,0,11759.69,"Professional",1985,66.52,120,1
1.59,5,13140.12,"Vocational",2004,69.73,123,0
3.14,4,10311.95,"Humanities",1968,71.53,120,2
2.36,7,5036.79,"Other",1962,69,126,1
2.05,15,13193.92,"Vocational",2008,66.01,122,0
2.67,6,10269.36,"Humanities",1961,68.5,120,0
1.58,37,9851.06,"STEM",1967,68.36,121,0
2.69,0,13269.47,"Vocational",2011,71.92,120,0
2.36,15,5219.19,"Other",2010,63.6,121,0
2.81,10,11721.35,"Professional",1994,68.63,122,0
3.28,4,11678.68,"Professional",1979,67,122,0
2.64,7,10264,"Buisness",2004,68.88,121,2
1.83,1,10172.32,"Humanities",1981,69.54,126,2
3.07,19,9695.51,"STEM",1994,68.43,121,1
1.93,29,11806.58,"Professional",1970,64.51,122,3
2.57,9,10257.42,"Humanities",1968,66.9,121,2
3.1,38,9701.01,"STEM",1967,69.37,121,0
2.55,19,9727.52,"STEM",1995,68.49,122,2
1.67,28,9830.37,"STEM",1996,65.94,128,2
2.6,7,5043.22,"Other",1971,66.73,125,0
2.02,18,11799.79,"Professional",1970,71.31,121,0
2.52,36,13261.46,"Vocational",1972,67.12,122,1
2.11,20,5384.3,"Other",2003,70.36,120,2
2.48,6,5024.53,"Other",1964,66.28,120,2
2.49,10,11749.39,"Professional",2009,67.26,123,2
2.2,3,10221.17,"Humanities",1968,69.33,121,0
3.02,17,13303.63,"Vocational",1982,65.42,122,2
2.51,5,11762.52,"Professional",2014,68.02,125,0
2.75,57,11746.09,"Professional",1999,69.87,122,2
2.82,3,5014.94,"Other",2015,71.64,127,0
2.76,4,5013.03,"Other",1996,66.91,120,1
2.66,55,11732.38,"Professional",2015,67,121,1
3.06,23,5525.21,"Other",1999,70.28,124,1
2.36,0,11760.37,"Professional",1973,68.88,120,1
1.62,7,10142.28,"Humanities",1986,66.49,122,1
3.63,8,10350.85,"Humanities",2001,70.61,121,2
2.39,13,13241.84,"Vocational",1963,67.13,123,1
2.22,24,9777.65,"STEM",1977,66.5,126,0
2.31,8,11749.58,"Professional",2014,65.01,121,0
2.65,3,11744.96,"Professional",1992,68.13,122,1
2.67,8,13262.52,"Vocational",2010,66.11,125,4
2.97,6,10273.77,"Humanities",1990,65.66,122,1
2.61,5,9728.17,"STEM",1965,68.87,123,1
2.7,26,11723.73,"Professional",2002,74.01,121,0
2.22,7,9767.24,"STEM",1989,70.5,125,0
3.51,22,9649,"Buisness",1963,69.16,120,0
2.11,10,11774.09,"Professional",1984,69.64,122,0
2.27,10,9777.44,"STEM",1992,68.88,123,1
2.7,39,10275.21,"Humanities",1991,71.68,121,0
2.61,15,13252.8,"Vocational",1982,66.63,124,2
2.46,13,5161.3,"Other",1983,66.46,120,0
2.43,36,11759.48,"Professional",1976,69.05,122,0
2.67,5,10271.58,"Humanities",2005,67.14,120,1
2.32,50,9761.49,"STEM",1979,69.63,121,0
2.83,12,5137.2,"Other",1969,64.49,120,1
2.34,8,11747.89,"Professional",1978,71.31,121,0
3.06,16,9673.17,"STEM",1967,67.8,122,4
1.85,16,5243.98,"Other",1981,67.48,121,0
2.18,13,11772.05,"Professional",1982,68.19,121,1
2.72,19,11733.84,"Professional",2005,71.5,120,0
2.26,12,11764.55,"Professional",1965,68.92,121,3
2.81,3,13286.09,"Vocational",2015,68.87,120,2
2.37,1,9763,"Buisness",2009,66.79,121,2
2.47,4,13258.97,"Vocational",2002,66.97,122,1
2.17,17,13222.35,"Vocational",1998,65.79,120,0
2.2,11,13223.32,"Vocational",1963,67.97,121,0
1.84,3,11821.94,"Professional",2008,71.65,129,0
2.44,6,13257.06,"Vocational",2012,69.19,122,0
2.19,21,11801.66,"Professional",1990,65.66,123,1
2.64,8,10254.66,"Humanities",1975,69.4,120,0
1.84,9,13187.05,"Vocational",1963,68.11,126,2
2.21,14,9746.83,"STEM",2014,65.44,124,0
2.43,18,11760,"Professional",1977,70.11,120,1
3.05,20,10307.5,"Humanities",1961,73.07,122,1
2.82,11,13296.24,"Vocational",2001,68.03,124,0
2.61,13,13255.88,"Vocational",2003,69.22,120,0
2.28,2,10217.61,"Humanities",2011,68.42,121,1
2.3,1,13238.08,"Vocational",1985,68.79,121,1
2.41,43,10249.08,"Humanities",1981,70.11,121,1
2.12,19,10230.88,"Humanities",1993,71.99,124,2
2.47,2,5012.04,"Other",1988,66.44,121,0
1.95,1,11821.13,"Professional",2008,66.68,122,1
2.12,41,10221.13,"Humanities",1967,68.44,121,0
2.52,2,9748,"Buisness",2007,71.83,131,0
1.75,12,10181.95,"Humanities",2006,65.23,123,2
3.01,20,9692.35,"STEM",1986,69.44,120,1
2.59,5,5006.19,"Other",2000,67.79,120,3
2.33,1,11780.47,"Professional",1981,70.48,121,1
2.86,0,9714,"Buisness",1971,68.77,120,1
2.05,4,11791.28,"Professional",1994,67.19,121,2
1.93,31,10193,"Buisness",1982,68.01,123,2
2.28,6,11781.22,"Professional",1964,69.26,122,0
2.8,10,11717.73,"Professional",2005,68.17,120,0
2.25,74,10225,"Buisness",1980,69.06,121,3
2.18,1,9773.19,"STEM",1980,68.15,125,1
2.6,23,11754.48,"Professional",1968,64.5,122,2
2.51,5,13249.77,"Vocational",1982,66.36,120,2
2.96,16,9709.73,"STEM",2009,71.27,120,1
1.87,5,10192.32,"Humanities",1988,66.05,121,1
3.07,5,9692.56,"STEM",1974,72.85,122,0
2.54,6,10227.45,"Humanities",1968,69.59,122,1
2.53,4,11744.41,"Professional",2005,67,121,1
2.61,26,11733.52,"Professional",2009,67.19,121,0
2.82,20,9711.51,"STEM",2000,65.44,123,0
2.81,16,11709.59,"Professional",2010,70.65,122,1
1.87,12,9829.4,"STEM",1984,66.1,121,1
2.18,87,10217.02,"Humanities",2009,65.93,123,1
2.37,51,13234.14,"Vocational",1986,68.86,121,1
2.47,1,11771.75,"Professional",2002,70.04,120,0
2.99,3,5004.35,"Other",1990,68.65,121,1
2.56,0,13253.98,"Vocational",1968,69.02,120,1
2.04,60,13211.39,"Vocational",1993,67.9,122,0
2.98,9,10315.5,"Humanities",1969,69.46,130,0
2.76,4,11736.81,"Professional",1970,68.48,122,0
2.63,29,13262.42,"Vocational",1982,68.56,120,2
2.62,95,9714.13,"STEM",1988,67.13,124,0
2.57,33,10257,"Buisness",1982,70.36,124,2
2.48,0,9744.11,"STEM",2001,66.67,126,1
1.88,94,13831.37,"Other",1995,72.67,121,2
2.49,15,10247.13,"Humanities",1978,69.36,120,2
2.2,11,11791.54,"Professional",1974,69.95,123,2
1.93,90,10193.36,"Humanities",1983,71.86,120,0
2.67,2,9729.19,"STEM",2009,66.96,125,1
3.15,3,9707.38,"STEM",1999,64.67,124,1
2.62,6,13246.31,"Vocational",1977,68.39,123,4
2.9,12,9710,"Buisness",1995,65.96,120,0
2.28,37,9770.76,"STEM",1990,66.15,121,1
1.61,66,13168.05,"Vocational",2008,69.67,123,2
2.27,5,9783.29,"STEM",1985,70.61,121,1
2.88,3,13271.28,"Vocational",1964,68.46,123,0
2.47,1,13264.23,"Vocational",1970,68.94,122,1
3.43,6,5053.23,"Other",2009,70.44,122,1
2.51,2,11748.64,"Professional",1977,69.11,122,3
2.55,29,11753.12,"Professional",1967,66.2,121,0
2.62,23,9741.11,"STEM",2001,69.93,124,1
2.92,34,13282.85,"Vocational",1970,68.24,126,1
2.7,28,10254.21,"Humanities",1991,71.23,128,1
2.23,43,9778.3,"STEM",1978,71.14,121,0
2.6,38,10253.9,"Humanities",1970,70.92,121,0
2.68,34,11714.89,"Professional",1983,71.31,121,2
1.75,8,11812.58,"Professional",1982,73.43,121,1
3.09,55,11696.33,"Professional",2000,65.6,123,0
2.35,16,13232.44,"Vocational",1983,68.9,124,1
2.97,6,11689.26,"Professional",1990,70.21,123,2
2.06,29,9803.75,"STEM",1964,69.96,121,0
3.23,26,13322.6,"Vocational",1973,67.56,124,2
2.59,4,11731.29,"Professional",1989,67.63,120,1
2.32,55,10213.36,"Humanities",2007,71.02,121,2
2.07,31,9776.06,"STEM",1970,68.1,120,1
2.55,3,10255,"Buisness",1972,67.23,122,2
1.94,20,10198.21,"Humanities",1983,67.98,120,1
2.76,50,13267.41,"Vocational",1991,67.15,122,5
2.68,10,9739.39,"STEM",2007,64.86,123,1
2.39,2,10246.16,"Humanities",1970,67.04,120,1
2.82,25,11707.29,"Professional",1969,67.21,123,1
3.06,14,10306,"Buisness",1976,67.52,121,0
3.06,68,11702.78,"Professional",1999,67.55,120,1
2.84,3,13308.33,"Vocational",1994,70.98,124,1
3.25,51,7604.86,"Other",1982,68.32,124,1
2.16,2,13220.06,"Vocational",1976,66.98,121,0
2.51,28,10246.35,"Humanities",1987,65.05,120,0
3.02,8,13304.03,"Vocational",1989,66.38,121,0
2.71,6,9729,"Buisness",1999,67.08,125,1
2.44,4,9756.09,"STEM",1994,68.21,120,0
2.33,29,11771.51,"Professional",1987,71.3,120,0
2.62,11,11723.41,"Professional",1977,66.6,123,2
2.95,10,9705,"Buisness",1997,66.96,129,0
2.87,69,9713,"Buisness",2013,66.32,122,1
2.22,11,11779.41,"Professional",1984,68.84,122,0
2.83,27,9712.83,"STEM",1991,67.55,121,0
2.57,22,9766.67,"STEM",1987,68.56,121,1
3.19,6,10327.54,"Humanities",1996,66.83,121,1
3.33,83,11660.99,"Professional",1988,68.19,120,2
2.22,1,10228.04,"Humanities",1989,67.46,124,1
2.55,14,10259.46,"Humanities",1987,65.93,121,0
2.37,7,13232.63,"Vocational",2011,68.99,120,1
2.7,6,13269.41,"Vocational",1969,73.58,121,1
3.12,118,11700.29,"Professional",1985,65.86,121,2
2.73,20,13257.53,"Vocational",1982,70.66,122,0
3.24,4,10326.02,"Humanities",1977,66.98,121,0
2.15,13,9787.52,"STEM",1982,69.11,121,0
2.26,5,10208.03,"Humanities",1988,70.11,121,0
3.15,6,11661.94,"Professional",1983,71.32,122,1
2,20,9773.63,"STEM",2012,67.54,120,0
1.97,23,10197.07,"Humanities",1972,68.27,125,1
2.37,27,9765.13,"STEM",1978,65.18,123,2
2.61,31,5968.08,"Other",1981,66.49,125,0
1.98,14,9797.73,"STEM",2008,68.06,123,5
2.25,65,13233.09,"Vocational",1995,67.2,122,0
3,19,9711.74,"STEM",2012,69.35,123,0
2.4,101,11748.16,"Professional",1990,68.44,120,0
2.32,42,9768,"Buisness",1967,71.57,121,1
2.56,5,9746.44,"STEM",1974,68.51,122,1
3.15,15,5232.14,"Other",1985,67.43,127,0
3.52,73,13354.71,"Vocational",1964,63.99,121,0
2.42,26,11751.04,"Professional",1962,67.74,121,1
2.31,55,13232.34,"Vocational",1994,70.05,121,2
2.46,13,9756.18,"STEM",1969,66.13,120,4
2.79,30,9721,"Buisness",2007,65.46,127,1
1.9,27,10190.74,"Humanities",1991,70.03,121,0
3.06,11,9704.61,"STEM",1968,64.83,122,2
2.22,5,9782.02,"STEM",1977,68.8,121,1
1.99,3,13184.15,"Vocational",2002,69.18,120,3
3.1,9,9689.2,"STEM",1988,66.83,121,1
3.5,13,10353.15,"Humanities",1998,65.88,121,0
1.86,8,11809.26,"Professional",2006,69.29,122,0
2.92,3,13298.55,"Vocational",1986,65.65,122,0
2.06,43,11796.57,"Professional",1967,69.09,120,0
2.22,34,6147.69,"Other",2012,65.32,133,0
2.23,41,6688.21,"Other",1979,68.55,120,0
2.09,16,9776.15,"STEM",1966,67.92,120,0
2.76,39,10269.06,"Humanities",2004,67.56,121,0
2.36,1,10221.32,"Humanities",1967,66.08,124,1
2.22,43,6844.61,"Other",2007,66.38,120,1
1.62,5,10159.99,"Humanities",1988,68.35,120,2
2.25,4,11787.92,"Professional",1962,65.8,120,0
2.08,83,10198.52,"Humanities",1978,67.7,123,2
2.03,47,9799.85,"STEM",1987,67.26,123,0
2.46,4,13241.28,"Vocational",1992,67.72,122,2
2.28,42,9781.77,"STEM",1986,67.21,121,3
2.45,6,9755,"Buisness",1981,65.16,120,0
2.49,33,11747.61,"Professional",2014,72.38,120,1
3.42,6,11652.57,"Professional",2008,67.7,120,2
2.7,25,11725.93,"Professional",1990,62.62,123,3
2.63,66,11751.57,"Professional",1961,66.91,121,2
2.26,27,10235.48,"Humanities",1972,66.07,121,2
2.78,113,10268.74,"Humanities",1972,68.04,120,1
2.58,4,9742,"Buisness",1991,67.11,121,0
2.52,22,5467.29,"Other",2013,69.62,121,0
2.22,2,11777.55,"Professional",1984,65.55,121,0
2.96,3,5005.36,"Other",1999,67.77,125,1
1.64,5,10165.07,"Humanities",1989,68.94,121,1
2.76,18,9712.02,"STEM",1968,62.84,126,2
2.79,35,13287.28,"Vocational",1980,65.52,120,0
2.82,24,5580.31,"Other",1988,69.13,122,0
3.03,16,13301.46,"Vocational",1997,66.66,124,1
2.32,16,10232,"Buisness",2000,67.85,123,2
2.96,8,5059.8,"Other",2002,66.19,128,1
3.12,8,13321.49,"Vocational",1971,68.04,124,2
2.04,7,9794.61,"STEM",1998,66.71,122,2
2.74,1,5004.15,"Other",2008,68.05,122,3
2.26,2,9753.22,"STEM",1991,68.41,121,1
1.41,6,11874.73,"Professional",2002,66.37,121,0
2.81,6,10281,"Buisness",1966,71.88,123,2
2.78,10,11717.03,"Professional",1999,67.3,122,1
1.69,22,11840.73,"Professional",1981,67.92,121,2
2.43,0,4980.22,"Other",1982,64.59,121,1
2.04,51,13196.29,"Vocational",1970,68.33,125,0
1.94,34,10194,"Buisness",1988,66.09,121,2
2.07,12,11800.02,"Professional",1994,68.87,121,1
2.61,15,9727.23,"STEM",1983,68.08,121,1
2.62,9,5068.72,"Other",1964,70.33,122,1
2.83,29,13275.24,"Vocational",1991,63.09,122,0
2.73,0,9716.29,"STEM",1969,67.84,123,2
2.32,4,9755.05,"STEM",1979,68.71,121,1
2.31,33,10220.34,"Humanities",1965,67.81,120,1
2.31,5,13235.16,"Vocational",1969,70.1,121,0
1.56,19,9831.57,"STEM",2008,64.35,121,1
3.82,30,13387.21,"Vocational",1990,65.89,121,3
2.84,18,10285.22,"Humanities",1992,67.65,121,2
2.35,0,11771.87,"Professional",2014,69.33,120,1
2.78,36,9720.93,"STEM",2007,69.5,126,3
2.63,24,11754.52,"Professional",1986,68.52,126,0
2.73,26,9732.06,"STEM",1977,68.8,121,1
2.56,5,11748.26,"Professional",1974,69.81,122,1
2.37,5,11774.9,"Professional",1984,68.41,122,1
2.67,35,6226.38,"Other",1981,69.1,122,8
3.11,47,10311,"Buisness",1970,64.54,120,2
2.71,10,11735.27,"Professional",1996,66.24,120,0
2.52,4,11775.09,"Professional",1962,65.94,120,0
3.45,3,10345,"Buisness",1994,67.48,121,0
1.88,19,13212.54,"Vocational",1986,65.11,123,1
2.8,25,10272.7,"Humanities",1976,65.09,121,2
2.15,9,5089.5,"Other",1965,71.17,122,1
3.2,12,11698.44,"Professional",2013,66.09,124,1
2.5,16,10250,"Buisness",2014,66.59,121,0
2.72,17,11708.71,"Professional",2011,72.75,122,0
2.47,9,13251.47,"Vocational",1994,71.47,122,2
2.49,22,13227.91,"Vocational",2005,69.73,122,0
2.85,15,11729.1,"Professional",1968,68.04,122,0
2.24,12,9776,"Buisness",1995,67.89,120,3
2.76,1,10281.84,"Humanities",2008,67.13,121,0
2.06,19,13213.32,"Vocational",2006,66.15,125,2
1.65,22,13148.73,"Vocational",1990,67.81,121,0
2.9,25,9702.66,"STEM",1983,64.68,121,1
1.72,69,9846.05,"STEM",1985,65.89,123,0
2.82,27,9718,"Buisness",1999,66.8,120,2
1.97,41,9816.1,"STEM",2012,73.21,123,0
2.62,10,5097,"Other",1999,66.3,120,0
2.81,27,9713.67,"STEM",1997,67.14,121,2
1.9,63,13179.57,"Vocational",1994,68.48,123,1
2.73,10,10291.48,"Humanities",1986,66.9,121,0
2.91,16,10286.86,"Humanities",1991,69.92,122,1
2.67,4,9742.04,"STEM",1998,67.98,125,2
2.62,25,5625.09,"Other",1964,68.9,121,2
2.94,15,9706,"Buisness",1967,66.72,121,1
2.67,11,5129.73,"Other",1989,69.44,120,1
2.83,0,11723.97,"Professional",1973,70.18,120,0
2.5,20,13263.5,"Vocational",1988,69.08,129,1
2.34,2,9766,"Buisness",1997,68.59,126,2
3.51,14,13343.67,"Vocational",2001,65.67,121,0
2.31,38,11789.24,"Professional",1968,68.62,121,0
1.87,2,11808.79,"Professional",1978,70.1,123,1
2.62,22,9725.48,"STEM",2000,69.06,120,0
2.44,12,13239.72,"Vocational",2008,67.28,124,1
3.32,53,10332,"Buisness",1968,68.4,120,1
3.42,54,13348.16,"Vocational",2003,67.31,120,0
2.31,32,13228.91,"Vocational",1965,69.65,122,1
2.22,6,10222,"Buisness",1994,68.61,120,3
2.11,1,10211,"Buisness",1990,68.83,121,1
3.75,39,10380.24,"Humanities",1985,70.32,124,0
2.1,30,10200.04,"Humanities",2010,68.04,120,0
2.15,34,11773.45,"Professional",2005,66.1,120,0
3.35,17,13344.22,"Vocational",2012,66.04,123,0
2.57,3,13263.86,"Vocational",1977,67.54,120,0
3.57,21,13367.33,"Vocational",1990,68.06,121,0
2.8,66,13296.07,"Vocational",2003,67.04,123,0
2.11,7,13206.13,"Vocational",1999,64.93,121,0
2.85,46,11708.6,"Professional",1961,64.47,121,0
1.39,14,10139,"Buisness",1990,68.94,121,1
2.78,53,11720.72,"Professional",2003,71.74,121,0
2.65,9,11729.96,"Professional",2013,68.62,121,0
2.59,24,11751.85,"Professional",1964,69.46,120,1
2.16,22,11773.81,"Professional",1962,68.43,120,0
2.24,40,11779.44,"Professional",1979,65.41,120,1
2.52,110,10262.53,"Humanities",1994,66.2,122,5
2.27,34,6158.21,"Other",2005,73.44,120,3
2.27,33,9783.83,"STEM",1975,63.93,120,1
2.3,39,10225.04,"Humanities",1981,65.8,125,0
2.19,4,5013.35,"Other",1964,69.16,123,2
3.05,4,9695,"Buisness",2003,71.67,131,4
3.12,16,10311.54,"Humanities",2012,69.52,120,1
3.01,9,10305.7,"Humanities",2007,63.34,127,1
3.22,31,10320.28,"Humanities",1997,67.1,124,1
2.73,11,5117.64,"Other",2014,72.92,120,0
3.1,34,13316.98,"Vocational",1998,70.27,121,3
3.62,13,10350.75,"Humanities",1997,68.68,122,4
2.48,12,5147.33,"Other",1982,69.83,121,1
2.48,24,11770.67,"Professional",2002,71.44,121,0
2.52,7,9748,"Buisness",1961,68.05,121,0
2.78,13,11722.56,"Professional",2002,70.1,125,0
2.94,20,11699.66,"Professional",1988,66.48,121,1
2.09,33,9791,"Buisness",1973,65.01,120,2
2.35,14,5182.95,"Other",2002,63.99,122,1
3.57,20,5395.68,"Other",1993,68.89,122,0
2.19,34,13235.17,"Vocational",2007,67.54,127,2
2.56,7,11746.76,"Professional",1979,66.56,122,0
2.8,24,10265.52,"Humanities",1967,64.94,122,1
3.07,30,9680.68,"STEM",1996,65.5,122,2
2.61,9,10250.92,"Humanities",2008,70.29,121,0
2.55,22,9744.46,"STEM",1985,70.45,122,0
1.79,15,9814.08,"STEM",1971,67.11,120,1
2.78,6,10283.25,"Humanities",1973,65.47,120,0
2.03,5,11791.81,"Professional",1987,67.93,124,3
2.42,30,11747.61,"Professional",1977,70.64,121,0
2.98,15,9702,"Buisness",1987,69.34,122,1
3.38,61,9661.26,"STEM",1996,69.39,121,6
2.82,24,11707.57,"Professional",1961,66.1,121,0
3.1,11,9690,"Buisness",1967,70.15,123,1
2.83,5,10288.73,"Humanities",1989,70.15,122,2
2.61,56,8135.94,"Other",2008,67.28,125,0
2.6,21,9738.31,"STEM",1978,70.07,121,0
3.05,28,13310.94,"Vocational",2007,69.1,120,3
2.51,19,10239.63,"Humanities",1973,67.68,121,1
2.86,84,11709.84,"Professional",1985,70.22,123,1
2.67,10,10267,"Buisness",1978,66.94,123,3
2,1,4996.15,"Other",1970,70.12,121,1
2.42,15,10254.83,"Humanities",1994,67.76,122,0
2.01,29,10185.24,"Humanities",1996,66.47,120,1
2.8,3,10281.54,"Humanities",1985,62.14,121,0
3.09,12,9688.6,"STEM",2002,64.29,122,0
2.32,23,13241.01,"Vocational",1962,68.58,122,1
2.88,42,13293.35,"Vocational",2015,69.85,121,4
1.95,4,11817.69,"Professional",2007,69.67,123,4
2.61,14,11750.68,"Professional",2014,68.29,120,2
2.88,9,9712,"Buisness",1971,67.69,120,0
2.59,20,13262.67,"Vocational",2008,65.64,121,0
2,34,9796.77,"STEM",1969,68.57,120,8
2.17,13,5181.14,"Other",2014,69.27,120,0
2.58,4,10254.76,"Humanities",1994,70.01,121,2
2.36,18,10238.29,"Humanities",1966,69.12,120,0
1.95,56,10195,"Buisness",1984,70.83,124,1
2.56,4,11740.74,"Professional",1967,69.62,121,0
2.43,22,10243,"Buisness",1976,68.39,120,1
1.99,38,11801.16,"Professional",1996,67.52,120,0
2.37,10,11765.24,"Professional",1996,69.35,122,0
2.52,11,10265.97,"Humanities",1975,69.88,120,0
3.24,0,11680.87,"Professional",2007,66.82,121,1
2.28,22,10228,"Buisness",1968,67.95,124,2
2.55,50,13269.22,"Vocational",2012,68.09,121,0
2.72,26,9728,"Buisness",1997,69.15,120,0
1.97,10,13204.15,"Vocational",1973,65.8,122,0
2.61,7,11726.76,"Professional",2001,68.31,120,0
2.9,2,10292.89,"Humanities",1987,67.24,121,4
2.17,3,13209.7,"Vocational",1982,67.75,123,0
1.83,5,13172.36,"Vocational",1973,67.21,131,0
1.94,9,9811.72,"STEM",2014,67.3,124,0
1.8,24,13183.12,"Vocational",1973,67.24,122,1
1.67,19,11832.24,"Professional",2012,67.61,126,1
2.38,5,9767.21,"STEM",2009,68.25,125,1
2.87,20,9713,"Buisness",2001,65.49,122,3
2.67,70,9738.77,"STEM",1963,69.19,121,0
2.82,4,9709.95,"STEM",1987,70.35,120,0
2.36,18,9763.31,"STEM",1965,70.21,122,0
2.55,44,11750.54,"Professional",2003,63.29,120,1
2.13,4,10213,"Buisness",1980,69.99,121,0
3.32,40,9673.58,"STEM",1971,64.68,120,0
2.68,17,13274.19,"Vocational",1985,68.96,121,1
2.5,13,11755.85,"Professional",1997,66.59,121,1
3.02,24,11701.26,"Professional",1962,67.99,123,2
2.77,16,9725.86,"STEM",1990,66.39,122,1
3.05,10,9700.37,"STEM",1992,67.34,120,0
2.29,22,9767.63,"STEM",2007,67.9,120,2
2.23,15,13229.99,"Vocational",1979,69.44,121,0
2.85,1,10285.04,"Humanities",1982,68.66,123,0
2.83,25,11719.27,"Professional",1969,64.91,121,1
2.01,7,10214.81,"Humanities",1968,64.8,122,2
2.35,18,10236.08,"Humanities",2006,68.82,122,0
2.51,28,11764.92,"Professional",1996,65.93,122,0
1.78,17,9808.46,"STEM",2010,67.32,123,1
2.31,14,10231,"Buisness",2008,70.89,122,1
2.4,17,10247.65,"Humanities",1971,66.96,120,2
2.08,22,9813.66,"STEM",1994,67.95,121,1
2.77,1,10277,"Buisness",2000,68.28,123,0
2.6,2,5008.72,"Other",1988,66.58,120,0
2.08,29,10215.95,"Humanities",1964,70.33,120,0
2.51,1,10264.14,"Humanities",2014,68.54,124,2
2.46,2,9768.01,"STEM",2002,71.83,121,0
2.87,16,13284.74,"Vocational",1977,67.25,122,0
2.49,15,11745.48,"Professional",2003,65.95,123,0
2.9,57,10278.43,"Humanities",1970,65.43,121,1
2.25,5,10220.96,"Humanities",1997,67.77,120,0
1.62,33,11845.16,"Professional",2003,67.65,121,1
2.55,2,4991.52,"Other",1985,67.46,121,0
1.86,44,10197.21,"Humanities",2006,66.55,123,0
1.72,13,13163.4,"Vocational",1979,66.35,124,4
2.77,12,10283.6,"Humanities",1968,71.9,126,1
2.08,3,9781.7,"STEM",1979,64.46,124,1
2.17,2,13233.72,"Vocational",2008,64.71,120,1
2.19,54,10195.85,"Humanities",2007,70.28,123,1
2.3,7,13249.31,"Vocational",1980,66.4,120,1
1.97,2,10213.53,"Humanities",2006,65.76,121,1
2.72,35,10267.42,"Humanities",1995,70.69,121,2
2.72,52,10258.52,"Humanities",1962,71.83,121,0
2.38,42,13248.16,"Vocational",1985,67.47,121,0
1.86,13,9828.85,"STEM",1986,67.86,122,0
2.66,4,11722.95,"Professional",1999,65.98,122,1
2.02,31,9788.83,"STEM",1975,68.06,121,2
2.26,4,9777.48,"STEM",1996,68.48,120,2
2.46,3,10244.42,"Humanities",1988,67.02,126,0
2.46,14,10242.76,"Humanities",1986,67.02,122,0
1.99,52,13199.95,"Vocational",1984,64.46,120,0
1.88,53,9828.07,"STEM",1992,69.34,126,2
2.83,21,11713.81,"Professional",1979,68.98,122,1
2.15,24,13232.1,"Vocational",1981,72.01,121,1
2.02,3,5007.42,"Other",1996,68.29,122,0
2.79,4,10278.28,"Humanities",1983,67.43,121,2
2.64,1,11716.48,"Professional",1996,68.82,121,1
3.22,23,11681.94,"Professional",2013,65.55,120,0
3.28,2,13326.75,"Vocational",1993,67.52,121,5
3.33,41,9649.94,"STEM",2011,69.99,121,2
2.32,31,9755.04,"STEM",1988,70.53,120,0
2.57,50,11738.99,"Professional",2007,68.7,121,1
1.84,54,7922.36,"Other",2008,65.81,121,1
3.17,2,13314.85,"Vocational",1993,65.51,121,1
2.56,10,9739.33,"STEM",1982,65.4,121,0
2.73,12,13267.91,"Vocational",2003,70.89,120,1
1.9,7,10190,"Buisness",1976,64.35,122,1
2.42,23,10236.96,"Humanities",1984,69.64,120,2
3.43,2,9674.95,"STEM",1994,71.42,123,2
2.23,4,10228.2,"Humanities",2006,66.93,126,2
2.79,38,11713.44,"Professional",1968,69.97,124,1
1.81,16,11818.75,"Professional",1999,71.84,121,2
1.57,2,10161.19,"Humanities",1987,68.23,121,0
2.86,2,13289.39,"Vocational",1970,68.86,127,0
1.93,5,13199.17,"Vocational",1989,66.82,122,1
2.71,2,13279.13,"Vocational",2013,69.59,120,2
2.4,20,11754.83,"Professional",1996,72.71,124,1
2.34,24,10234,"Buisness",2004,68.48,121,0
2.08,1,9779.62,"STEM",2003,67.65,121,1
2.23,4,10215.09,"Humanities",2003,66.64,121,2
2.64,11,11743.58,"Professional",1986,68.38,122,0
2.26,45,13228.45,"Vocational",1962,71.8,120,3
2.42,16,5255.01,"Other",1996,70.95,120,1
2.5,3,11744.06,"Professional",1961,65.5,123,1
2.49,20,10254.35,"Humanities",1963,68.75,121,3
2.38,17,10243.19,"Humanities",1961,65.88,121,0
1.98,7,10197.71,"Humanities",1964,69.72,121,2
3.12,8,9683.75,"STEM",2013,69.99,120,0
1.99,6,10188.69,"Humanities",1985,67.48,121,2
3.05,23,11684.7,"Professional",1975,66.11,120,0
2.71,23,9732.42,"STEM",2004,67.13,120,0
2.5,97,10236.24,"Humanities",1962,66.4,122,0
2.95,13,9707.5,"STEM",2002,69.31,122,0
1.49,25,9852.03,"STEM",1976,71.58,122,6
1.95,39,9805.38,"STEM",1993,69.8,125,1
2.86,6,10286,"Buisness",1996,65.73,121,3
1.7,13,9829.62,"STEM",1978,67.41,120,1
2.13,24,11778.97,"Professional",2014,66.3,123,0
2.43,2,11756.38,"Professional",1992,70.45,121,0
2.73,11,9715.93,"STEM",2001,68.32,126,1
2.14,6,10213.27,"Humanities",1974,70.47,128,1
1.73,4,11815.79,"Professional",1978,68.35,122,2
2.67,1,11746.87,"Professional",1981,69.49,124,0
2.5,5,13258.6,"Vocational",1968,67.6,120,0
3.29,11,9663.9,"STEM",1974,66.6,121,1
2.09,13,13203.82,"Vocational",1981,70.54,124,0
3.39,4,10339,"Buisness",1998,66.87,121,1
2.31,2,13227.78,"Vocational",1963,66.83,120,4
2.55,1,13263.35,"Vocational",1973,69.41,120,3
3.66,15,10376.02,"Humanities",1989,70.89,120,0
2.51,7,9737.96,"STEM",1997,68.37,120,0
2.12,15,9787.04,"STEM",1990,67.48,121,2
3.15,116,10315,"Buisness",1992,67.62,122,0
2.39,7,9761.71,"STEM",1992,66.41,121,2
2.56,5,13260.62,"Vocational",2009,69.77,123,1
1.8,23,13176.64,"Vocational",1981,68.46,126,0
2.59,36,11748,"Professional",2008,66.86,124,1
2.61,60,9739,"Buisness",2013,64.19,121,0
2.87,3,9720.54,"STEM",1990,69.18,125,2
3.06,16,9694,"Buisness",1969,69.55,120,0
3.14,6,10307.25,"Humanities",1986,69.05,121,1
2.31,38,9777.35,"STEM",2004,70.62,120,3
2.34,15,11775.74,"Professional",1972,70.01,123,4
2.2,12,11796.98,"Professional",1986,68.79,120,2
2.34,19,9767.32,"STEM",1999,63.42,123,0
1.8,3,10180,"Buisness",2008,66.49,121,1
3.04,25,11708.5,"Professional",2002,70.32,122,2
2.87,6,10289.27,"Humanities",1981,64.49,121,0
2.69,25,10269,"Buisness",2006,66.81,123,1
2.59,12,11747.07,"Professional",1981,67.11,120,2
2.54,3,9754.83,"STEM",1978,68.45,122,0
3.48,8,9645.41,"STEM",2012,67.5,120,1
1.82,42,9818.69,"STEM",1980,68.19,123,3
2.6,10,5107.76,"Other",1983,67.34,120,2
2.81,11,13288.01,"Vocational",1981,68.86,121,1
2.73,6,10282.89,"Humanities",1981,64.09,121,2
2.24,21,10224,"Buisness",1996,65.25,121,0
2.2,81,9780,"Buisness",2007,70.29,128,0
2.51,29,10251,"Buisness",1974,68.45,120,0
3.41,12,11647.9,"Professional",1972,66.69,121,0
2.68,28,10255.12,"Humanities",1998,65.91,121,0
2.92,26,9701.16,"STEM",1998,68.58,120,1
2.12,13,10202.67,"Humanities",1991,70.49,121,2
2.05,1,10198.28,"Humanities",1981,69.62,121,0
2.46,23,13247.05,"Vocational",2013,67.37,122,1
2.35,12,9761.27,"STEM",2000,63.64,122,0
2.68,3,9748.37,"STEM",2008,64.77,120,1
2.62,25,13258.24,"Vocational",1985,68.28,122,0
2.12,31,9790.02,"STEM",1999,68.63,120,2
1.93,2,11795.46,"Professional",2005,64.78,121,3
3.44,23,9656,"Buisness",1973,67.37,121,0
3.08,8,11707.92,"Professional",1996,70.91,125,0
2.27,32,10228.6,"Humanities",2003,67.76,122,1
3.11,33,11682.58,"Professional",1982,65.98,124,1
2.73,28,5777.53,"Other",2012,67.34,120,1
2.52,64,9097.2,"Other",2015,70.49,123,1
1.17,76,11887.25,"Professional",1998,63.6,123,1
1.82,10,9818,"Buisness",1973,69.42,121,1
2.52,12,11741.74,"Professional",1967,68.08,120,3
2.59,1,11741.17,"Professional",1970,67.27,121,0
2.64,18,13268.51,"Vocational",1980,67.24,120,0
2.13,45,9793.16,"STEM",2008,70.17,122,1
2.69,18,10282.19,"Humanities",1974,65,121,1
3.23,3,9665.03,"STEM",1982,67.07,124,1
2.52,10,9748,"Buisness",1985,65.93,127,0
3.39,5,5022.15,"Other",1972,67.01,124,2
1.83,4,10167.14,"Humanities",1966,67.01,120,0
1.61,40,10172.26,"Humanities",1962,73.23,121,1
2.41,19,9773.66,"STEM",1984,68.86,123,0
2.5,9,9750,"Buisness",2007,68.93,120,2
2.11,9,11785.42,"Professional",1988,69.33,121,0
2.66,19,13271.49,"Vocational",1978,64.99,120,1
2.03,3,9799.16,"STEM",1977,67.44,120,1
2.62,5,11732.36,"Professional",1974,71.41,121,0
2.34,6,9774.02,"STEM",1990,68.11,120,2
2.37,4,9768.89,"STEM",2004,64.2,120,0
2.71,7,10272.18,"Humanities",1999,65.94,129,0
2.91,13,9714.14,"STEM",1995,67.23,120,1
2.48,9,9754.34,"STEM",1981,65.97,122,1
2.24,8,11760.16,"Professional",1978,65.68,121,2
2.49,33,6097.62,"Other",1993,70.43,126,1
3.01,27,11686.9,"Professional",1986,65.14,121,1
3.01,8,5074.2,"Other",1961,69.41,120,0
2.55,11,9745,"Buisness",1985,67.42,122,0
2.54,8,13250.55,"Vocational",1999,68.66,121,4
2.82,29,9715.07,"STEM",1967,70.48,121,0
2.71,4,9743.79,"STEM",2002,70.65,122,1
2.02,15,9792.21,"STEM",2001,63.7,120,1
2.69,38,9725.18,"STEM",1993,65.92,122,2
2.07,49,9797.25,"STEM",1997,67.89,122,1
2.21,8,13225.48,"Vocational",2011,68.22,128,2
2.99,11,10299,"Buisness",1996,71.48,121,0
2.37,43,10228.12,"Humanities",2002,67.19,122,0
2.15,24,10211.38,"Humanities",1987,66.84,121,2
2.42,3,10233.27,"Humanities",1981,70.06,121,4
2.78,4,9718.99,"STEM",1966,68.73,129,9
3.13,17,10313,"Buisness",1980,68.27,120,1
2.08,12,11797.42,"Professional",2011,69.26,121,2
1.81,41,13170.58,"Vocational",1961,68.89,120,1
2.62,48,11737.82,"Professional",2010,66.4,121,1
2.41,8,13237.41,"Vocational",2011,72.63,121,2
2.35,6,10223.2,"Humanities",1994,66.53,123,2
2.05,52,7708.96,"Other",1983,69.08,121,4
2.96,14,10294.47,"Humanities",2002,70.03,121,2
2.23,32,11763.31,"Professional",1992,65.49,123,2
2.62,8,13271.71,"Vocational",1974,67.99,122,0
2.2,9,5095.79,"Other",1995,67.1,121,1
2.87,26,13285.77,"Vocational",1972,64.76,122,1
2.44,25,10257.81,"Humanities",1976,66.22,120,1
2.02,54,11811.62,"Professional",1965,71.63,120,0
2.2,20,11789.1,"Professional",1963,68.7,121,1
2.09,48,11765.6,"Professional",1965,71.34,120,4
2.84,58,10281.61,"Humanities",2005,66.62,120,2
2.57,37,6363.16,"Other",1966,67.35,122,0
1.69,1,9824.03,"STEM",1974,70.46,123,1
3.29,42,11684.55,"Professional",1999,67.95,121,1
3.09,24,5561.94,"Other",1999,63.79,121,0
2.88,28,13296.8,"Vocational",1991,66.81,123,0
2.54,24,10242.29,"Humanities",1999,67.36,120,1
2,13,13214.99,"Vocational",1994,69.11,120,0
2.41,20,13239.1,"Vocational",2011,66.62,122,0
1.54,10,13159.18,"Vocational",1970,67.07,122,2
2.98,6,11689.87,"Professional",1977,68.19,125,0
2.37,6,11753.82,"Professional",2015,70.14,121,2
1.91,0,11827.88,"Professional",2000,63.67,124,1
3.2,23,13309.34,"Vocational",1997,69.31,120,1
3.29,2,4981.38,"Other",1990,70.25,122,2
2.52,4,9749.39,"STEM",1971,66.49,122,2
2.7,41,10256.45,"Humanities",1991,69.63,122,0
3.01,16,13284.24,"Vocational",1988,71.96,121,1
2.35,12,11770.7,"Professional",1969,73.13,121,1
3.26,29,11680.92,"Professional",1998,63.85,121,0
3.14,6,13298.13,"Vocational",1995,67.92,125,1
2.6,47,11740.1,"Professional",1966,65.27,121,0
2.07,2,11797.43,"Professional",2015,70.14,122,0
3.09,10,13322.03,"Vocational",2005,68.26,121,0
3.32,1,9685.46,"STEM",1998,70.85,122,0
1.34,10,11886,"Professional",1969,68.01,120,1
2.81,7,9707.2,"STEM",1992,68.78,120,0
1.33,12,11878.93,"Professional",1964,66.91,120,1
3.07,19,5357.66,"Other",1992,62.53,124,1
2.78,24,9720.72,"STEM",1998,67.72,120,0
2.66,20,9734,"Buisness",1971,68.4,121,1
3.35,8,9661.73,"STEM",1965,68.13,121,0
3.16,52,10333.75,"Humanities",1993,67.72,121,1
3.07,63,11697.09,"Professional",1964,67.1,121,1
2.99,12,5140.89,"Other",1983,68.39,120,1
1.88,55,11815.66,"Professional",2000,70.33,121,2
2.41,35,9773.44,"STEM",1989,65.37,120,2
2.35,48,10231.5,"Humanities",1991,69.71,127,1
3.19,6,10302.95,"Humanities",2012,70.46,121,4
2.95,20,10284.41,"Humanities",1998,66.64,121,0
3.06,83,10318.84,"Humanities",1973,71.93,121,1
2.36,13,9777.97,"STEM",2012,70.81,121,0
2.46,7,10246,"Buisness",1968,66.84,126,1
2.25,32,9770.53,"STEM",1984,69.96,124,1
1.49,23,11829.77,"Professional",1975,68.3,121,1
2.8,50,10280.67,"Humanities",2009,72.01,122,0
2.78,23,10286.65,"Humanities",2005,67.39,123,2
2.94,17,13289.82,"Vocational",1990,65.85,120,1
2.24,37,9776,"Buisness",2013,67.58,124,1
1.82,28,9818,"Buisness",1975,72.91,125,0
2.27,18,9767.83,"STEM",1977,66.14,124,3
4,8,13420.67,"Vocational",2003,63.79,122,2
2.87,6,11714.34,"Professional",1994,68.7,122,0
1.43,13,5165.29,"Other",2007,67.08,120,3
2.67,3,13284.5,"Vocational",1969,67.73,120,4
2.31,11,10240.6,"Humanities",1972,67.73,120,3
2.55,21,10240.64,"Humanities",2006,69.47,121,0
1.93,5,13190.71,"Vocational",2011,67.7,122,0
2.09,19,9799.31,"STEM",1969,67.47,121,0
2.55,37,9748.98,"STEM",1997,68.96,123,1
2.45,7,9755,"Buisness",2003,66.72,123,3
2.68,1,11735.82,"Professional",1963,68.03,121,3
2.62,9,9738.4,"STEM",1998,69.04,121,1
2.55,41,11738.96,"Professional",1978,68.59,121,0
3.13,2,10313.14,"Humanities",2014,70.22,122,1
1.98,15,11813.59,"Professional",1995,71.31,120,0
2.98,25,10295.94,"Humanities",2008,63.77,121,1
3,19,10302.54,"Humanities",1972,64.87,121,0
2.07,11,11789.7,"Professional",1965,72.58,120,0
2.07,28,10223.74,"Humanities",1995,69.94,124,1
3.01,14,9687.52,"STEM",2007,66.56,122,2
2.54,12,10241.9,"Humanities",1978,67.85,121,2
2.29,22,10223.98,"Humanities",1962,66.37,121,1
2.75,46,11724.44,"Professional",1968,70.19,122,2
2.46,28,11734.58,"Professional",1968,66,125,0
2.63,3,9756.58,"STEM",1993,65.61,121,1
2.93,16,11697.96,"Professional",2004,71.51,125,0
2.16,10,13211.21,"Vocational",1974,67.94,122,1
2.07,5,10212.3,"Humanities",1975,64.03,122,1
2.17,4,11780.79,"Professional",1981,68.33,120,0
2.27,16,11782.25,"Professional",2013,68.86,120,0
2.16,117,10208.91,"Humanities",2005,70.46,120,1
3.1,7,13322.16,"Vocational",2005,67.64,122,2
1.83,5,11815.77,"Professional",1983,67.13,121,1
2.77,9,9727.09,"STEM",1980,68.71,121,0
2.1,1,13204.25,"Vocational",2004,70.22,123,1
1.32,9,9879.43,"STEM",1983,71.66,122,0
2.1,12,10207.78,"Humanities",2007,67.18,121,2
1.74,6,5018.28,"Other",1986,68.71,122,0
1.82,15,11810.25,"Professional",2000,68.61,121,1
3.21,18,9679,"Buisness",2005,67.85,121,0
2.18,18,11797.62,"Professional",1973,67.84,120,1
2.19,5,9776.04,"STEM",1973,68.76,122,2
1.95,0,13188.17,"Vocational",1973,66.73,121,2
2.08,24,11773.39,"Professional",2014,68.72,123,1
2.94,12,13290.91,"Vocational",1974,73.68,121,3
2.8,19,9715.49,"STEM",2007,70.38,122,1
1.88,45,7029.94,"Other",1978,65.38,120,1
2.43,22,9757,"Buisness",2009,65.42,122,1
2.32,20,10218.48,"Humanities",2005,68.17,122,1
2.32,24,9748.21,"STEM",2003,68.98,120,0
2.59,34,13266.23,"Vocational",1966,64,123,0
1.67,7,9823.26,"STEM",1981,64.98,123,1
1.82,11,5120.52,"Other",1988,68.01,121,1
2.97,102,11705.15,"Professional",1961,64.55,122,4
2.83,51,9721.98,"STEM",1993,69.66,120,3
2.19,15,11777.61,"Professional",2015,67.19,121,2
2.55,52,9745,"Buisness",1987,66.39,123,3
2.09,4,11798.18,"Professional",1999,66.81,122,1
3.08,2,10293.15,"Humanities",1993,67.22,120,1
3.18,6,13321.02,"Vocational",1998,69.34,120,2
2.28,28,13221.31,"Vocational",2001,70.51,120,2
2.15,7,13228.59,"Vocational",1984,66.62,124,1
2.62,1,9747.69,"STEM",1980,66.88,123,0
2.62,27,9742.91,"STEM",1999,69.72,121,2
1.56,23,10146.43,"Humanities",2001,68.6,124,1
2.07,8,5059.23,"Other",1988,66.28,122,1
2.75,77,13260.42,"Vocational",1981,65.46,120,0
2.81,11,9734.41,"STEM",1998,69.46,122,1
2.43,11,11761.31,"Professional",1965,67.57,121,2
2.77,1,11735.38,"Professional",2011,68.12,121,0
2.42,62,9761.05,"STEM",1997,72.06,122,1
2.66,1,11742.94,"Professional",1962,65.34,121,1
2.94,65,11723.94,"Professional",1967,71.17,122,4
1.72,1,13180.44,"Vocational",1986,68.07,121,1
2.32,73,10232,"Buisness",1970,65.48,120,0
2.48,18,11749.68,"Professional",1989,64.18,121,0
3.01,8,11676.9,"Professional",1989,66.8,120,2
1.59,10,13144.82,"Vocational",1988,67.09,121,0
3.01,15,10291.39,"Humanities",1983,66.16,124,0
2.43,6,9748.85,"STEM",1982,65.2,122,1
2.46,21,13239.46,"Vocational",1982,68.87,122,0
2.69,62,9739.5,"STEM",1976,69.08,122,0
2.3,4,11754.95,"Professional",2010,68.98,121,0
1.98,16,9799.62,"STEM",1990,67.96,129,0
2.54,4,10257.52,"Humanities",1987,68.46,121,0
2.19,6,10206.87,"Humanities",1965,69.32,123,0
2.08,16,10194.41,"Humanities",1964,70.63,120,1
2.17,12,9783,"Buisness",1971,70.74,122,0
2,60,11773.05,"Professional",1961,62.95,124,0
2.59,11,5107.58,"Other",2012,69.87,126,5
2.13,13,9804.83,"STEM",1979,67.74,127,2
3.07,56,8133.59,"Other",2012,69.09,123,0
2.14,36,9786,"Buisness",1965,69.51,121,0
3.41,16,10331.8,"Humanities",1987,68.13,121,1
2.26,16,9789.11,"STEM",1985,67.15,121,4
2.02,7,13204.87,"Vocational",1997,68.63,124,3
2.91,38,9711.86,"STEM",2002,68.72,121,1
2.27,9,10227,"Buisness",1996,68.29,120,0
3.09,0,9683.31,"STEM",2003,64.86,124,0
2.38,117,10236.04,"Humanities",1996,70.15,121,2
2.62,24,9722.87,"STEM",2007,68.82,122,2
3.02,2,10298.61,"Humanities",1963,64.85,121,1
1.69,5,11842.36,"Professional",2002,68.23,121,2
2.53,16,11748.61,"Professional",1982,66.73,122,3
3.37,53,11658.9,"Professional",1961,68.55,120,0
1.82,41,13189.16,"Vocational",1965,68.76,124,0
1.17,2,11891.66,"Professional",2014,67.87,121,1
2.55,1,4998.83,"Other",1980,68.52,120,1
2.52,13,10265.84,"Humanities",1972,67.02,123,2
2.44,4,9760.39,"STEM",1964,66.13,122,1
2,32,9813.62,"STEM",2004,69.17,122,0
2.37,2,9742.22,"STEM",1984,66.09,120,2
3.15,0,13309.9,"Vocational",1984,68.81,121,2
1.71,50,13174.95,"Vocational",1973,70.9,121,2
2.12,31,10220.79,"Humanities",2009,68.69,121,1
1.58,2,5005.55,"Other",1966,69.49,131,1
1.92,2,13189.12,"Vocational",1968,68.25,120,2
2.24,2,9779.97,"STEM",1996,63.98,120,3
2.43,5,9753.6,"STEM",2009,67.29,122,1
2.13,30,10213.12,"Humanities",1980,63.3,121,1
2.74,1,11741.28,"Professional",1980,68.88,126,1
2.21,22,5478.58,"Other",1982,69.33,120,1
1.45,7,13151.35,"Vocational",2006,66.09,122,2
1.91,5,13184.73,"Vocational",1972,69.44,121,0
1.61,1,13174.67,"Vocational",2015,68.63,124,1
2.62,12,11738.5,"Professional",1990,70.15,120,3
1.7,27,9842.06,"STEM",2015,67.35,123,1
2.46,4,10243.48,"Humanities",1976,69.1,121,1
2.94,2,9726.42,"STEM",2014,65.96,121,2
2.13,101,9787,"Buisness",1989,67.22,121,0
2.63,34,13248.8,"Vocational",2013,68.18,123,0
2.37,6,9758.09,"STEM",1981,67.68,122,0
1.96,32,9798.71,"STEM",2002,68.9,123,3
2.88,2,9722.14,"STEM",1981,66.4,121,1
2.82,5,13280.66,"Vocational",2008,69.07,123,2
2.5,2,10250,"Buisness",2004,67.56,122,0
2.84,37,13278.98,"Vocational",1975,68.17,120,1
1.86,4,9814,"Buisness",1995,70.78,121,0
2.3,6,9770,"Buisness",1961,66.5,127,2
1.98,7,10197.72,"Humanities",1996,71.12,121,0
3.05,9,10309.48,"Humanities",1982,67.66,121,2
1.69,5,9830.85,"STEM",1965,71.22,121,0
2.39,3,11765.99,"Professional",2009,69.09,122,0
1.74,27,10177.9,"Humanities",1992,67.06,120,1
2.7,3,10271.86,"Humanities",2011,68.47,124,1
2.96,0,11732.56,"Professional",2008,67.53,120,1
2.85,45,13285.26,"Vocational",1987,69.48,120,0
1.72,5,9828,"Buisness",2007,67.57,134,0
2.67,16,5256.76,"Other",2005,71.32,121,0
2.65,9,10256.7,"Humanities",1985,71.18,121,0
2.49,3,13248.8,"Vocational",1980,64.45,124,1
3,35,11708.29,"Professional",2000,69.33,121,1
3.18,10,11702.95,"Professional",2005,66.95,121,2
2.92,55,13284.93,"Vocational",1964,68.25,121,0
2.22,23,11796.07,"Professional",2000,68.88,124,1
2.38,3,10238,"Buisness",2004,67.18,120,3
3.08,8,9679.87,"STEM",1997,63.3,120,2
2.79,9,13286.25,"Vocational",2007,70.44,121,6
2.12,19,9788,"Buisness",1963,69.02,124,0
2.83,123,11718.93,"Professional",2010,67.31,122,0
2.54,99,9747.47,"STEM",1968,66.59,121,2
2.81,28,5780.11,"Other",2006,69.12,120,0
3.04,54,11703.73,"Professional",1977,65.71,121,2
2.27,21,5454.54,"Other",1985,66.99,123,6
2.02,29,5845.08,"Other",1981,70.27,123,0
2.43,60,8591.42,"Other",1983,70.53,121,1
3.12,22,10303.72,"Humanities",1981,71.27,120,1
1.73,2,10183.13,"Humanities",1981,65.9,121,1
3.41,21,10335.11,"Humanities",1990,70.22,121,1
2.23,9,13214.26,"Vocational",1966,68.07,120,2
2.71,14,13262.12,"Vocational",2004,70.59,121,1
3.27,18,10343.9,"Humanities",1966,69.4,124,1
2.71,20,11723.04,"Professional",1971,68.82,120,0
3.04,6,11698.67,"Professional",1984,68.29,120,0
1.95,1,11811.76,"Professional",1989,71.97,120,1
3.22,10,9678,"Buisness",2015,67.3,120,1
2.44,1,13256.58,"Vocational",1998,64.42,122,3
2.38,4,10227.73,"Humanities",2015,70.49,121,0
2.51,15,9748.55,"STEM",2006,67.75,124,0
3.08,22,9692,"Buisness",1961,73.35,121,0
3.74,8,13384.41,"Vocational",1963,67.45,120,0
1.46,22,10149.23,"Humanities",1987,66.25,121,1
2.33,1,13238.02,"Vocational",1974,70.26,122,0
2.37,64,9750.75,"STEM",1978,65.11,122,0
2.97,9,9717.4,"STEM",1989,68.44,121,1
2.89,4,9714,"STEM",2000,66.75,121,2
3.03,12,9673.92,"STEM",1962,68.72,124,0
2.18,5,13219.02,"Vocational",1983,66.62,123,0
3.12,22,13324.94,"Vocational",1994,65.95,122,1
3.51,32,6006.65,"Other",1988,66.06,126,1
1.72,22,5489.54,"Other",1961,67.25,121,0
2.7,14,13269.46,"Vocational",1984,70.23,122,0
1.63,17,9839.12,"STEM",1973,71.14,123,0
2.06,48,9810.07,"STEM",1995,65.21,123,0
3.14,2,10317.17,"Humanities",1971,65.96,120,0
2.07,38,10192.72,"Humanities",1982,67.57,123,1
3.41,16,9654.46,"STEM",1996,66.97,122,0
2.53,22,11740.49,"Professional",2000,71.51,122,1
2.78,15,5232.21,"Other",2004,72.18,122,1
2.53,3,9727.6,"STEM",2008,66.97,122,2
2.24,19,9776,"Buisness",2001,69.89,120,0
2.44,27,9752.14,"STEM",2003,71.16,120,0
2.3,18,10248.2,"Humanities",1961,67.76,123,3
2.42,19,9765.17,"STEM",1978,65.9,129,0
2.05,9,9795.87,"STEM",1989,67.18,120,2
2.01,1,13215.09,"Vocational",1988,68.25,121,1
2.47,27,5742.58,"Other",1981,67.57,125,2
2.03,39,9797,"Buisness",1971,68.9,121,1
2.12,23,5529.09,"Other",1998,69.64,120,0
1.93,29,9809.89,"STEM",2003,63.28,120,0
2.65,7,9735,"Buisness",2005,68,122,0
3.07,14,13300.39,"Vocational",2011,67.68,120,1
2.97,21,9702.11,"STEM",1982,66.28,122,0
2.74,15,5213.68,"Other",2007,69.07,120,0
2.3,55,9755.8,"STEM",1993,66.04,128,0
2.05,63,11790.21,"Professional",1995,69.13,122,1
2.51,69,11739.62,"Professional",1983,69.72,120,0
3.06,10,9694,"Buisness",2009,65.71,122,1
2.39,24,10225.23,"Humanities",1976,69.71,123,1
2.28,43,10255.4,"Humanities",1999,67.73,121,1
2.62,28,9738,"Buisness",1997,64.14,121,2
1.81,27,11844.11,"Professional",1984,65.81,120,1
2.99,35,6210.7,"Other",1971,66.87,127,1
2.62,6,9738,"Buisness",1963,68.27,125,3
2.39,26,10246.22,"Humanities",2000,73.34,125,1
1.94,46,10204.84,"Humanities",1978,71.47,120,1
2.13,2,9789.73,"STEM",1961,70.46,121,3
2.85,2,10277.35,"Humanities",1963,65.55,120,0
3.03,10,9696.24,"STEM",1992,66.74,120,1
2.66,74,13263.79,"Vocational",1983,69.3,122,0
2.55,96,11741.68,"Professional",1966,70.92,122,1
2.79,3,9734.95,"STEM",1980,68.83,126,0
2.68,36,6306.14,"Other",2013,69.03,120,0
3.17,1,9694.47,"STEM",2004,67.19,120,0
2.42,6,10236.2,"Humanities",1973,70.5,121,0
2.03,0,9794.02,"STEM",1985,67.96,122,4
2.59,19,9739.42,"STEM",1978,70.25,122,1
2.93,24,11716,"Professional",1977,67,121,0
2.39,28,13240.36,"Vocational",1964,66.46,127,2
3.04,73,9704.45,"STEM",2000,70.65,121,1
2.08,14,10203.05,"Humanities",1999,65.33,121,1
2.49,123,10254.4,"Humanities",1968,70.05,122,2
2.77,4,13283.68,"Vocational",2000,65.64,121,0
2.55,37,11744.69,"Professional",2012,69.76,123,1
2.14,78,9786,"Buisness",1965,64.19,120,2
2.27,45,10218.39,"Humanities",1984,67.44,120,0
2.7,22,11739.57,"Professional",2012,67.12,120,2
2.99,18,5325.41,"Other",1963,70.19,120,0
2.89,19,10289,"Buisness",1970,67.48,120,1
2.8,19,9720,"Buisness",1989,67.55,126,1
3.25,9,10331.98,"Humanities",1995,73.21,120,1
2.43,7,11753.16,"Professional",1995,67.09,123,2
2.71,0,13274.56,"Vocational",1982,66.8,120,0
2.9,4,11692.12,"Professional",2007,66.39,121,0
3.39,21,9652.67,"STEM",1990,71.4,120,0
1.42,0,13150.47,"Vocational",1990,68.2,124,0
1.94,22,10194,"Buisness",1974,69.91,121,0
1.77,1,13193.35,"Vocational",1965,66.31,123,0
2.22,8,5058.44,"Other",2014,68.61,126,1
1.85,17,9811.96,"STEM",1985,62.53,122,0
2.03,0,11801.63,"Professional",1979,68.61,121,0
1.95,3,9809.38,"STEM",2015,70.37,121,1
1.93,29,13176.04,"Vocational",2009,66.47,124,2
3.19,31,10327.57,"Humanities",1975,66.83,125,0
2.12,6,10211.75,"Humanities",1970,68.09,122,3
2.13,8,13212.64,"Vocational",1986,63.51,121,0
1.94,29,11799.23,"Professional",1976,68.36,121,0
2.47,41,10255.79,"Humanities",2004,64.71,121,0
2.16,45,9784,"Buisness",2009,66.83,122,1
2.53,20,11759.95,"Professional",2005,68.04,124,0
2.7,2,13268.21,"Vocational",1989,67.69,123,2
1.54,1,10163.15,"Humanities",1997,69.79,123,0
2.24,5,5029.1,"Other",1977,67.46,122,0
2.71,1,5004.13,"Other",2008,70.67,121,1
2.05,7,11784.08,"Professional",1978,69.36,120,0
2.71,39,10283.48,"Humanities",1971,68.19,126,1
2.39,36,13230.81,"Vocational",2010,70.85,121,0
2.23,4,10232.65,"Humanities",1981,71.48,123,1
2.2,11,13218.92,"Vocational",2000,69.08,125,3
2.83,48,10281.55,"Humanities",2000,70.57,121,0
2.17,41,11779.63,"Professional",1968,68.49,121,2
2.7,31,5948.37,"Other",1974,69.48,122,0
2.29,54,10217.25,"Humanities",1991,67.03,120,0
2.49,2,11754.29,"Professional",1989,65.96,121,2
1.96,5,11814.91,"Professional",1999,72.73,122,0
2.42,44,11753.59,"Professional",2008,68.09,126,2
2.24,7,10219.54,"Humanities",1989,66.21,121,3
2.86,1,10290.64,"Humanities",1983,68.2,120,1
2.93,14,9707,"Buisness",1983,67.15,120,1
2.27,18,5334.05,"Other",1970,70.33,121,1
2.15,16,9790.17,"STEM",2010,64.47,124,1
2.07,62,9806.11,"STEM",2014,69.3,121,0
3.06,1,11688.82,"Professional",1974,70.16,126,1
3.19,33,11674.29,"Professional",2015,65.29,122,0
2.91,42,13293.88,"Vocational",2008,67.74,122,0
2.24,17,13246.75,"Vocational",1963,66.49,120,3
1.71,15,10171.8,"Humanities",1966,67.68,123,0
2.21,10,13213.97,"Vocational",1969,65.38,122,3
2.9,3,5012.85,"Other",1992,69.04,120,0
3.4,10,5103.25,"Other",2001,68.68,122,1
3.1,27,10313.34,"Humanities",1997,65.83,122,1
2.37,12,13245.53,"Vocational",1992,67.22,120,1
3.25,6,10320.76,"Humanities",1979,67.05,121,1
2.26,3,10226,"Buisness",1984,69.39,123,1
2.45,5,5028.34,"Other",2007,70.84,121,0
2.29,12,9780.7,"STEM",1966,66.36,120,0
2.22,25,9761.98,"STEM",1967,70.64,127,1
2.95,52,11714.93,"Professional",2013,69.61,123,0
1.97,8,11800.51,"Professional",1974,66.98,123,1
1.58,3,10167.6,"Humanities",1998,65.27,121,1
1.91,27,11804.34,"Professional",1999,64.3,121,1
3.13,9,9695.41,"STEM",1992,69.43,121,0
1.95,49,9804.19,"STEM",1969,68,121,0
2.79,15,10281.14,"Humanities",1988,65.65,120,0
1.98,38,6449.33,"Other",1995,67.67,121,1
2.13,11,10207.45,"Humanities",1962,68.24,122,1
2.7,1,11717.07,"Professional",1983,68.18,121,1
2.76,1,13270.41,"Vocational",1971,67.53,122,0
2.93,36,11701.24,"Professional",1991,68.71,121,4
2.1,7,9792.31,"STEM",2007,65.56,121,1
2.29,11,10231.06,"Humanities",1973,64.42,121,2
2.51,2,13259.32,"Vocational",1986,68.11,122,1
3.61,10,13368.79,"Vocational",1983,66.35,122,0
2.1,8,9795.49,"STEM",1997,65.97,121,0
2.72,26,11716.95,"Professional",2000,65.59,121,2
3.12,3,11697.92,"Professional",2014,66.23,121,0
2.22,0,11784.03,"Professional",1996,69.33,121,0
3.2,16,5251.54,"Other",1999,69,123,1
1.91,58,11814.46,"Professional",2001,67.85,122,2
2.79,11,5125.08,"Other",1981,66.54,123,1
2.36,2,9764,"Buisness",2009,68.07,121,3
2.9,13,9710.47,"STEM",1990,65.42,121,1
2.48,37,10239.04,"Humanities",2001,70.67,122,0
2.46,16,13260.02,"Vocational",2004,64.15,122,0
2.64,8,13268.79,"Vocational",1964,65.62,121,1
2.83,5,13280.79,"Vocational",2000,68.76,125,1
2.55,74,10271.88,"Humanities",1972,71.01,121,4
2.74,11,9743.09,"STEM",1993,67.24,123,1
2.81,19,9722.58,"STEM",1963,64.83,121,0
2.58,4,9724.11,"STEM",1988,67.57,120,4
1.9,22,10206.69,"Humanities",1969,69.11,121,5
2.34,16,9762.29,"STEM",1992,66.85,128,1
2.68,23,11740.16,"Professional",1962,66.68,125,4
3.43,30,9663.23,"STEM",1976,67.71,121,1
2.43,1,9757,"Buisness",1991,67.63,121,0
2.29,28,11766.29,"Professional",1981,69.48,120,2
2.37,5,13242.3,"Vocational",1966,68.58,122,0
2.88,45,9716.55,"STEM",1964,69.62,121,3
1.57,10,5088.37,"Other",1976,66.53,120,0
2.88,3,9719.77,"STEM",2007,68.23,120,0
3,2,13297.71,"Vocational",1991,66.38,121,1
2.65,1,13278.06,"Vocational",1972,66.62,123,0
2.78,37,10265.55,"Humanities",1972,65.88,122,0
2.53,1,11762.71,"Professional",1963,70.2,121,2
3.13,56,10323.59,"Humanities",2005,66.22,126,1
2.01,8,9805.26,"STEM",1978,70,120,1
2.68,33,6100.97,"Other",2013,66.28,120,1
2.69,6,9745.25,"STEM",1986,70.05,121,0
3.17,0,9683,"Buisness",2011,65.38,120,0
2.05,20,9795,"Buisness",1989,65.02,122,2
2.43,38,11771.62,"Professional",2004,70.03,122,2
3.14,16,5250.5,"Other",1983,65.04,123,0
2.37,42,11768.86,"Professional",1978,68.66,122,0
1.57,46,7134.92,"Other",1968,66.22,121,0
2.92,0,10292,"Buisness",1968,65.18,122,0
2.88,40,10284.55,"Humanities",1999,67.01,121,2
2.36,5,10236,"Buisness",2000,63.61,121,0
2.94,4,9706,"Buisness",1981,65.83,122,1
1.81,3,10175.98,"Humanities",1964,70.8,124,1
1.96,25,9826.88,"STEM",2015,66.64,128,1
1.76,15,10158.14,"Humanities",1994,70,121,1
2.06,7,13214.15,"Vocational",1970,66.74,121,0
3.35,10,9665,"Buisness",2011,69.12,120,0
2.2,75,9776.1,"STEM",2002,67.16,120,0
2.22,30,10244.56,"Humanities",1988,66.26,120,1
2.66,49,9714.91,"STEM",2003,63.82,124,1
2.36,47,10243.98,"Humanities",1983,66.56,121,2
3.15,3,4997.02,"Other",1987,67.3,122,0
2,9,9800,"Buisness",1969,69.51,121,7
2.76,3,10270.74,"Humanities",1978,71.63,124,1
2.63,11,9747.88,"STEM",1981,65.13,120,3
2.78,0,13282.37,"Vocational",1982,64.52,125,5
2.97,5,13296.12,"Vocational",2005,64.46,120,0
1.82,43,9824.63,"STEM",1978,68.96,123,0
2.7,4,9738.48,"STEM",1970,63.47,123,0
2.95,4,9689.44,"STEM",2007,68.08,121,0
3.17,4,5000.94,"Other",2011,68.42,121,0
2.69,9,11735.18,"Professional",2001,67.65,121,0
1.67,32,9844.91,"STEM",2003,70.12,121,1
2.86,4,9718.71,"STEM",2005,70.49,120,0
1.78,1,9820.21,"STEM",1983,65.49,121,0
2.99,5,11707.43,"Professional",1972,69.81,124,0
2.56,12,10267.08,"Humanities",1988,65.46,122,1
3.26,5,10335.75,"Humanities",1969,67.91,121,1
3.26,17,9688.73,"STEM",1992,68.03,126,2
2.55,61,9759.93,"STEM",1969,70.58,121,0
3.43,15,10343,"Buisness",2000,65.83,126,3
2.07,9,5095.07,"Other",2010,67.96,121,1
2.28,7,13241.92,"Vocational",1968,70.84,124,0
2.33,32,9767,"Buisness",1977,67.52,125,1
1.53,8,10171.33,"Humanities",2004,69.52,120,8
2.92,14,10292,"Buisness",1996,69.81,123,1
2.35,22,11776.65,"Professional",1967,66.15,124,3
2.46,42,6766.67,"Other",2011,68.32,121,0
2.65,14,9735,"Buisness",1983,68.35,133,1
2.35,5,10235,"Buisness",2008,66.77,122,1
2.65,43,13254.57,"Vocational",1999,70.38,121,2
2.37,8,13217.92,"Vocational",1988,69.44,123,1
2.96,1,9719.58,"STEM",1969,65.93,120,3
2.46,31,13260.72,"Vocational",2013,69.55,122,1
3.14,7,13309.09,"Vocational",1967,71.6,121,1
2.26,4,13257.81,"Vocational",1969,68.29,120,2
2.6,12,9738.84,"STEM",1999,70.07,120,2
3.06,18,9692.97,"STEM",1984,67.6,122,0
2.58,28,10252.75,"Humanities",2005,65.36,122,3
3.14,25,11690.42,"Professional",2005,67.54,120,2
2.16,14,5207.96,"Other",1967,69.27,123,2
2.33,9,5081.59,"Other",1966,70.07,123,0
2.94,27,10309.24,"Humanities",2005,68.8,121,1
2.14,11,11787.73,"Professional",1992,62.74,123,0
2.36,13,13245.3,"Vocational",1988,70.1,120,0
2.52,38,9745.59,"STEM",2010,66.29,123,0
2.83,8,10267.19,"Humanities",1992,68.62,123,0
2.55,38,10283.8,"Humanities",1991,68.43,125,0
2.65,10,11730.32,"Professional",1997,64.31,124,1
2.05,0,9793.97,"STEM",1993,68.65,121,0
1.66,24,5566.34,"Other",1963,65.95,125,2
2.52,1,4998.93,"Other",1986,65.89,120,2
2.65,25,13281.23,"Vocational",1999,66.66,124,3
2.82,13,11696.62,"Professional",1976,64.59,120,0
2.31,45,7022.92,"Other",2001,70.49,121,0
2.76,98,10257.48,"Humanities",2000,64.99,122,2
2.34,41,13232.27,"Vocational",1997,67.54,125,4
2.5,7,5067.89,"Other",2012,68.21,124,1
2.18,19,11783.63,"Professional",2000,64.22,121,1
2.55,44,13253.26,"Vocational",1968,68.1,122,1
2.68,9,9710.86,"STEM",2004,71.1,122,2
1.96,8,10199.99,"Humanities",1971,68.59,120,4
2.51,6,11748.94,"Professional",1993,67.37,121,0
2.67,18,13265.28,"Vocational",1976,67.82,121,1
3.55,5,9645,"Buisness",2011,68.2,121,1
1.68,26,5678.99,"Other",1980,66.13,121,1
2.81,1,10298.65,"Humanities",2012,71.91,122,1
2.42,19,9777,"STEM",2013,68.35,128,1
2.1,18,10210,"Buisness",1988,67.52,120,2
2.41,85,11759.62,"Professional",2009,68.03,123,1
2.89,71,10031.86,"Other",2013,66.88,121,1
2.56,53,13251.76,"Vocational",1978,68.28,121,0
1.78,10,10163.74,"Humanities",1989,68.44,124,1
2.31,19,10232.44,"Humanities",2015,67.67,122,2
3.34,18,9666,"Buisness",1961,66.24,121,4
2.94,23,10286.02,"Humanities",2002,70.82,124,1
2.83,22,13281.93,"Vocational",1981,67.99,121,2
2.32,77,9763.37,"STEM",1980,68.98,121,0
3.7,4,5023.1,"Other",1991,66.93,123,0
3.72,36,11635.28,"Professional",1990,67.22,123,0
1.96,24,10196,"Buisness",1964,68.43,120,1
2.27,30,5894.98,"Other",2010,70.24,124,0
2.59,14,13259.95,"Vocational",1985,67.47,120,2
2.7,5,9730.2,"STEM",1975,68.01,123,0
2.77,9,5082.71,"Other",1962,67.91,122,0
2.76,8,11704.68,"Professional",1964,70.45,121,0
2.27,0,5017.62,"Other",1972,68.12,123,0
2.47,4,10249.2,"Humanities",1977,66.36,120,0
3.09,1,11686.38,"Professional",1986,69.19,124,1
2.9,0,9695,"STEM",2002,67.87,125,1
2.17,110,10231.25,"Humanities",1984,71.26,121,0
2.47,21,5430.06,"Other",2010,67.73,121,0
2.93,32,9703.61,"STEM",2000,64.35,125,0
2.69,32,9732.77,"STEM",1997,68.08,122,1
2.12,3,5026.34,"Other",1984,68.81,122,0
2.11,62,13216.28,"Vocational",1969,67.94,121,0
2.54,22,11740.45,"Professional",1968,65.42,123,1
2.44,9,10242.83,"Humanities",2011,68.55,120,1
2.76,3,10276,"Buisness",1998,66.67,120,1
2.05,45,9797.65,"STEM",1977,68.2,122,1
2.72,9,11737.6,"Professional",1997,70.53,123,1
2.6,7,9728.21,"STEM",2004,69.48,126,0
2.23,0,13229.12,"Vocational",1973,67.48,128,1
2.65,16,13254.03,"Vocational",2005,69.76,120,0
2.12,24,13219.06,"Vocational",1991,65.1,120,1
2.2,52,11776.23,"Professional",1983,68.06,122,0
2.74,17,10287.54,"Humanities",1993,68.12,121,0
3.11,24,9685.06,"STEM",2010,69.74,123,1
3.35,6,11670.16,"Professional",2012,65.43,120,0
2.01,12,13196.76,"Vocational",1995,68.86,120,0
2.41,21,9743.37,"STEM",1987,64.9,121,1
2.21,17,5291.53,"Other",1987,68.03,126,0
2.26,10,11780.77,"Professional",1962,68.91,125,0
2.97,45,11717.74,"Professional",1975,69.74,121,2
3.11,6,9705.81,"STEM",1994,68.3,128,0
2.32,16,5269.76,"Other",1986,68.9,122,3
1.67,26,10161.33,"Humanities",2014,66.87,121,0
2.45,7,11746.28,"Professional",1965,64.08,121,0
2.47,26,9754.88,"STEM",2000,65.89,123,3
2.4,4,10232.64,"Humanities",1983,72.16,123,1
2.8,33,6084.67,"Other",1980,68.04,123,3
2.86,20,10278.78,"Humanities",1987,66.91,126,2
2.38,26,5673.98,"Other",1996,66.75,123,1
2.47,57,11760.92,"Professional",2006,66.67,121,1
3.35,24,13344.76,"Vocational",1970,62.66,122,1
2.03,21,11800.33,"Professional",1968,66.8,121,1
1.46,14,11847.04,"Professional",1961,67.91,120,0
2.71,2,10271,"Buisness",1962,69.53,120,4
2.69,24,10281.81,"Humanities",1990,64.94,122,2
2.67,23,13266.85,"Vocational",1966,65.83,120,0
1.72,46,11823.47,"Professional",1993,68.48,123,0
1.73,13,10165.53,"Humanities",1979,66.85,121,1
2.73,14,11719.59,"Professional",2002,71.26,124,0
1.86,2,5018,"Other",1967,68.55,122,1
2.67,14,13279.85,"Vocational",1964,67.91,122,0
2.37,60,13245.2,"Vocational",1998,68.9,120,4
1.93,45,9799.16,"STEM",1970,68.15,121,2
2.55,34,10249.41,"Humanities",1988,68.25,123,1
2.43,3,9752.74,"STEM",2010,67.84,120,1
1.93,11,9794.96,"STEM",1968,61.41,121,0
1.65,10,13166.98,"Vocational",1980,68.17,120,2
2.66,0,9730.53,"STEM",1995,68.85,125,2
2.09,2,11801.16,"Professional",1980,70.67,120,1
2.21,42,11779.56,"Professional",1964,67,122,4
2.07,22,10215.25,"Humanities",2008,69.42,121,1
2.01,9,9796.33,"STEM",1971,67.31,121,0
3.07,7,5071.58,"Other",1973,66.26,120,2
2.48,34,6156.83,"Other",1981,67.13,121,1
2.6,18,9763.55,"STEM",1964,64.52,120,3
3.26,4,13345.5,"Vocational",1988,67.65,122,2
2.2,12,9776.34,"STEM",1966,68.31,124,0
2.25,13,10225,"Buisness",1992,67.68,122,1
2.91,8,9712.34,"STEM",2000,68.01,120,1
2.46,2,10251.37,"Humanities",1971,66.45,123,1
2.54,11,11734.14,"Professional",1998,71.62,121,1
2.94,13,10296.49,"Humanities",1969,69.92,123,1
2.33,2,11771.9,"Professional",1990,67.47,126,0
2.38,16,10235.05,"Humanities",1981,70.93,121,0
2.82,1,9711.67,"STEM",2012,71.47,128,0
2.76,0,10279.43,"Humanities",1996,66.36,122,0
2.11,11,13208.55,"Vocational",2010,66.68,123,0
2.47,5,13232.38,"Vocational",1969,68.47,122,2
2.04,78,11063.08,"Other",1968,66.01,123,3
2.31,5,13217.31,"Vocational",1961,66.86,126,1
1.26,1,9892.64,"STEM",1979,66.6,120,1
2.39,26,9761,"Buisness",1961,68.05,121,1
2.86,26,10286,"Buisness",1962,67.85,124,0
2.98,8,9695.19,"STEM",1965,65.99,120,1
2.54,17,9732.07,"STEM",1975,71.21,120,0
2.63,17,11741.2,"Professional",2011,68.84,121,1
2.98,21,10298.47,"Humanities",2011,67,123,2
2.13,3,13236.13,"Vocational",2012,68.49,120,0
2.53,16,11744.52,"Professional",2005,68.64,122,1
2.96,18,9711.75,"STEM",1963,65.85,125,1
2.04,10,11798.63,"Professional",2012,67.81,122,0
2.43,36,10253.08,"Humanities",1997,67.21,121,1
2.47,9,9748.08,"STEM",1975,70.87,120,1
2.12,23,11786.17,"Professional",2011,66.91,120,0
3.15,8,9687.65,"STEM",1966,71.32,122,0
3.44,34,9656,"Buisness",1991,71.63,125,1
2.54,19,13260.18,"Vocational",2002,71.03,123,4
2.25,22,5487.1,"Other",1972,66.63,128,1
2.51,19,13254.47,"Vocational",1999,69.2,122,1
2.52,20,5408.05,"Other",2005,65.6,121,0
2.33,1,11766.67,"Professional",1973,65.95,121,7
2.24,3,11787.17,"Professional",1979,62.12,120,1
2.72,4,13258.7,"Vocational",1989,65.64,121,1
2.27,6,11764.83,"Professional",1993,63.82,125,0
3.1,4,9680.86,"STEM",2009,67.24,130,2
3.51,27,11642.39,"Professional",1993,64.92,121,0
2.27,15,9783.64,"STEM",1975,69.32,122,0
2.44,14,9756,"Buisness",1961,65.61,121,1
3.23,7,9686.3,"STEM",2010,66.89,129,0
2.8,12,9720,"Buisness",1967,67.35,127,2
2.49,9,9743.82,"STEM",2006,68.38,134,0
2.37,21,10234.56,"Humanities",1972,66.69,120,1
2.55,4,9723.86,"STEM",2015,68.79,120,1
2.95,2,10292.37,"Humanities",1989,68.48,123,0
3.04,6,10304,"Buisness",1978,63.62,123,0
2.21,20,13210.98,"Vocational",1993,67.48,121,1
1.86,37,13197.47,"Vocational",2012,69.38,121,0
2.29,8,13215.99,"Vocational",1992,68.97,124,1
1.93,2,9812,"STEM",1984,67.02,120,0
2.19,5,9775.86,"STEM",2010,69.87,126,1
1.81,31,11813.52,"Professional",1961,66.12,121,3
2.49,21,9758.78,"STEM",1970,69.52,125,1
2.63,15,11730.13,"Professional",1969,72.18,120,0
2.64,55,11724.17,"Professional",2005,68.44,124,0
2.03,20,9797,"Buisness",1993,69.83,126,1
2.88,4,10288,"Buisness",1968,70.78,122,2
2.87,38,6426.54,"Other",2015,69.06,120,2
1.86,26,13173.09,"Vocational",1976,69.65,125,1
1.85,41,13181.03,"Vocational",2012,70.14,121,1
2.74,32,11724.61,"Professional",1992,67.7,120,0
3.34,6,5016.83,"Other",1990,69.92,128,0
3.06,14,10304.16,"Humanities",1998,64.83,120,1
1.31,4,10135.01,"Humanities",2007,67.81,120,1
3.28,15,9681.58,"STEM",1968,66.95,121,1
2.04,2,9800.76,"STEM",1975,68.74,120,1
2.34,33,11792.76,"Professional",1990,64.59,126,2
2.87,37,11704.7,"Professional",2015,65.31,120,1
2.68,6,13273.04,"Vocational",1974,66.33,120,3
2.02,2,5007.62,"Other",2009,63.97,121,1
1.89,12,9795.3,"STEM",1977,66.44,120,0
2.03,11,9797,"Buisness",1981,67.19,120,0
3.42,8,9679.44,"STEM",1977,71.99,120,2
1.49,2,11857.6,"Professional",1969,67.43,121,1
3.15,5,11682.72,"Professional",1990,70.31,126,0
2.54,4,10268.43,"Humanities",1975,66.98,120,1
2.4,25,13240.1,"Vocational",1981,69.14,121,1
2.26,75,9773.68,"STEM",1966,69.86,120,0
1.91,4,9807.38,"STEM",1969,63.82,121,3
2.79,51,11727.25,"Professional",2002,67.59,122,0
2.9,21,10290,"Buisness",1974,64.31,120,2
2.52,63,10249.41,"Humanities",1970,67.35,120,0
3.35,4,9664.63,"STEM",1963,69.76,120,0
2.49,6,9737.63,"STEM",1987,69.77,121,0
3.03,14,10303,"Buisness",1986,67.47,125,1
2.72,12,10272,"Buisness",1994,69.63,122,1
2.66,28,9728.65,"STEM",1977,68.99,121,1
2.38,5,10238,"Buisness",2004,67.49,121,0
2.55,35,10254.32,"Humanities",1996,66.87,123,2
3.26,7,10335.71,"Humanities",1972,69.49,124,0
2.61,1,9739,"Buisness",2003,64.08,121,3
2.51,12,9744.11,"STEM",1994,69.2,126,0
2.12,2,13218.52,"Vocational",1990,68.78,121,1
2.04,115,9813.23,"STEM",1989,65.65,122,1
2.66,68,11737.15,"Professional",1994,67.29,124,4
2.17,8,13208.34,"Vocational",1967,67.9,122,2
2.64,2,10256.48,"Humanities",2005,68.51,120,0
3.1,0,11699.69,"Professional",1976,66.32,123,1
2.53,0,10256.72,"Humanities",1986,69.84,122,0
2.78,23,10292.19,"Humanities",1976,68.72,126,3
2.95,9,11691.74,"Professional",1995,65.94,124,1
2.08,52,11796.61,"Professional",1972,65.77,121,0
3.22,8,5073.64,"Other",1982,66.99,122,0
2.16,20,13196.27,"Vocational",1998,65.11,121,1
2.59,57,13263.53,"Vocational",1967,68.29,120,2
2.86,83,9714,"Buisness",1989,70.57,127,2
2.2,58,10212.14,"Humanities",2014,66.88,124,0
2.05,10,11793.34,"Professional",2007,69.42,121,0
3.36,1,10344.94,"Humanities",1974,63.86,122,2
2.6,20,9754.41,"STEM",2015,67.83,121,1
3,13,9717.68,"STEM",1964,68.12,121,1
1.98,7,13201.98,"Vocational",1988,68.53,121,2
0.97,41,13110.33,"Vocational",1977,69.57,123,0
2.54,5,13269.54,"Vocational",1984,69.45,121,0
1.56,23,13157.26,"Vocational",1991,70.76,121,4
2.79,110,9725.35,"STEM",1970,69.01,122,1
2.75,8,9737.01,"STEM",1973,68.31,122,0
2.14,45,11777.56,"Professional",1994,65.49,120,2
2.63,2,13265.7,"Vocational",1962,70.91,121,0
2.49,70,9764.58,"STEM",2005,66.7,121,1
2.58,0,5011.33,"Other",1999,66.7,122,2
2.67,15,13262.77,"Vocational",1984,63.87,120,0
2.05,23,9797.59,"STEM",2004,68.04,120,1
2.48,31,5953.04,"Other",2008,69.61,122,1
2.26,7,10206.82,"Humanities",1975,70.85,121,1
2.08,18,10202.89,"Humanities",1968,68.3,120,1
2.24,1,11773.55,"Professional",2001,72.94,120,1
2.85,15,13294.17,"Vocational",1968,68.82,128,1
2.39,3,10240.18,"Humanities",1965,69,120,1
3.3,21,9680.39,"STEM",1970,65.63,125,2
2.9,17,5286.22,"Other",1977,69.73,120,1
2.36,23,13253.02,"Vocational",2005,69.41,120,0
1.96,14,9788.85,"STEM",1986,66.35,124,3
2.27,7,13246.46,"Vocational",1997,66.53,123,0
2.56,30,9739.57,"STEM",2002,66.06,123,3
2.97,20,5390.4,"Other",1989,64.97,124,1
2.61,35,10261,"Buisness",2014,65.92,121,0
1.98,12,10216.42,"Humanities",2001,69.55,123,0
2.62,11,9738,"Buisness",1963,69.76,124,0
2.62,36,9738,"Buisness",1991,68.89,122,0
2.52,36,10253.47,"Humanities",1991,65.11,120,0
2.73,44,9713.14,"STEM",2002,67.45,122,0
2.17,2,13215.73,"Vocational",2014,68.86,126,1
2.84,52,13300.85,"Vocational",1988,62.96,120,1
2.99,12,5146.24,"Other",1996,70.5,120,2
2.62,1,9737.83,"STEM",2015,69.93,121,0
2.2,5,13200.07,"Vocational",2005,67.59,123,0
2.16,35,6216.56,"Other",2004,67.03,121,0
2.41,30,13232.99,"Vocational",1967,71.09,121,2
2.31,30,10226.6,"Humanities",1963,64.61,122,3
2.29,18,10228.38,"Humanities",1969,67.72,121,0
2.64,6,9729.29,"STEM",1963,65.92,121,1
2.24,58,10235.37,"Humanities",1984,69.41,120,1
2.79,0,13277.94,"Vocational",1970,71.62,122,2
2.35,27,13243.73,"Vocational",2001,72.21,121,1
2.59,5,11755.64,"Professional",1964,67.84,126,2
2.84,34,11711.71,"Professional",1984,69.12,123,0
3.14,2,4999.22,"Other",2010,70.46,122,1
2.04,20,5400.1,"Other",1961,72.6,121,2
2.62,9,9738,"Buisness",1993,71.74,123,1
2.66,105,10257.99,"Humanities",1961,68.83,122,0
2.27,49,10227.34,"Humanities",1971,66.05,124,0
2.76,6,11720.1,"Professional",1980,69.44,121,1
2.89,48,9694.72,"STEM",2003,66.32,123,2
2.85,17,10283.54,"Humanities",1993,70.33,122,1
2.63,1,10263,"Buisness",1986,68.6,124,2
2.91,41,6693.14,"Other",1990,66.63,121,2
2.26,5,9775.79,"STEM",1985,70.45,122,1
2.37,58,13238.42,"Vocational",1992,69.43,127,0
2.36,40,13228.54,"Vocational",2002,72.04,120,2
1.71,32,9827.18,"STEM",1985,67.89,121,1
2.65,5,11745.73,"Professional",1999,64.65,122,1
2.61,27,13259.51,"Vocational",1985,72.73,120,0
2.32,25,13239.83,"Vocational",1977,68.36,121,1
3.14,35,10317.44,"Humanities",1990,68.54,121,1
2.18,21,13216.39,"Vocational",1988,66.02,124,1
1.77,55,8032.15,"Other",1974,70,120,0
2.28,24,13264.57,"Vocational",1974,63.92,123,1
2.42,29,9769.72,"STEM",1987,69.34,122,1
2.54,21,13242.35,"Vocational",2014,65.69,121,0
3.21,10,10321.02,"Humanities",1991,69.15,121,0
2.5,9,13265.46,"Vocational",1964,68.15,121,1
3.05,31,9703.35,"STEM",1995,67.06,125,1
3.77,23,10377,"Buisness",1964,66.69,121,2
2.86,32,9715.09,"STEM",2005,68.52,123,1
3.11,1,13313.22,"Vocational",2002,66.8,122,1
2.79,8,10277.87,"Humanities",1989,68.96,125,1
2.62,12,9739.5,"STEM",1987,64.92,122,0
2.31,7,9761.3,"STEM",1992,69.67,121,1
2.84,6,10270.36,"Humanities",1973,66.85,121,2
2.15,33,11791.18,"Professional",1986,68.29,120,0
2.6,83,13269.82,"Vocational",1975,66.92,124,1
2.56,28,11739.67,"Professional",1983,68.42,121,0
2.96,10,11708.63,"Professional",1972,66.31,121,1
2.79,13,10274.29,"Humanities",2008,70.84,121,0
2.02,4,11793.53,"Professional",1984,66.17,120,2
2.52,61,9748,"Buisness",1997,67.7,123,1
2.47,3,13256.47,"Vocational",2000,68.66,122,1
1.79,2,9821,"Buisness",1985,66.78,123,1
2.1,36,10183.98,"Humanities",1985,68.3,121,1
2.9,23,9710,"Buisness",1979,63.2,121,1
2.3,32,9775.36,"STEM",1988,65.12,121,0
1.88,3,13209.76,"Vocational",1972,66.89,122,1
2.79,24,10258.58,"Humanities",1986,67.85,121,1
2.83,34,10277.53,"Humanities",1967,68.34,120,0
2.57,32,13242.99,"Vocational",1978,64.31,125,1
2.82,20,9732.49,"STEM",1968,66.3,124,1
2.53,54,11739.99,"Professional",2012,66.78,125,2
2.78,15,9716.02,"STEM",1964,68.61,120,1
2.38,101,11765.95,"Professional",1979,67.84,127,1
2.38,8,5064.29,"Other",1979,67.96,122,0
2.7,23,5516.1,"Other",2004,67.82,123,0
2.76,23,13268.92,"Vocational",1965,67.72,121,0
3.14,80,11409.91,"Other",1974,66.59,123,0
3.4,6,9654.95,"STEM",2010,69.66,123,0
2.38,56,13244.99,"Vocational",1968,68.72,122,0
2.85,84,10288,"Humanities",1964,69.12,121,1
2.59,25,13263.92,"Vocational",1971,68.7,125,1
2.57,7,13248.66,"Vocational",1998,70.3,128,0
3.27,45,11687.27,"Professional",1973,69.66,124,0
2.48,3,11754.61,"Professional",2003,68.01,120,0
2.69,23,9733.74,"STEM",1970,70.86,120,0
1.83,2,11826.56,"Professional",1987,69.04,124,1
2.42,11,11740.69,"Professional",2001,67.55,121,0
2.88,47,10285.2,"Humanities",2014,65.91,126,0
2.47,40,9756.21,"STEM",1988,68.49,120,1
2.95,2,11716.36,"Professional",2006,67.63,120,3
2.57,22,10253.92,"Humanities",2015,69.58,121,0
3.24,61,13334.11,"Vocational",1985,70.12,122,2
2.78,46,11710.51,"Professional",2007,68.69,123,4
2.35,20,11770.95,"Professional",2001,67.33,121,4
2.3,26,9757.6,"STEM",2007,67.74,122,0
2.49,66,13259.12,"Vocational",1967,68.04,125,0
2.2,15,10220,"Buisness",1984,65.03,127,1
2.94,1,9703.87,"STEM",1975,70.74,122,0
2.48,2,11769.69,"Professional",1990,69.18,123,0
2.5,5,13240.65,"Vocational",1980,66.96,124,0
2.54,32,13251.47,"Vocational",1986,64,120,1
2.81,27,5720.11,"Other",1987,67.83,122,1
1.93,3,11815.55,"Professional",2010,69.78,121,0
2.66,15,11740.63,"Professional",1973,69.83,122,1
2.87,52,9726.34,"STEM",1967,64.79,121,2
1.68,92,13467.81,"Other",2006,71.59,124,1
2.75,71,9724.29,"STEM",2004,66.98,123,3
2.13,44,9781.39,"STEM",2000,66.95,120,2
1.8,80,11805.37,"Professional",2015,69.18,120,1
2.68,11,11737.68,"Professional",2010,66.77,121,0
2.14,72,10229.12,"Humanities",1999,68.7,121,0
1.9,43,9805.91,"STEM",1967,70.06,121,1
1.95,5,9805.89,"STEM",1993,69.35,125,2
2.07,3,13201.57,"Vocational",1977,67.49,123,1
2.99,23,5541.76,"Other",1970,67.56,121,1
2.41,94,10260.32,"Humanities",1962,73.27,127,0
1.91,14,13188.18,"Vocational",1992,68.73,122,0
3.05,34,13291.01,"Vocational",1996,67.44,122,0
2.68,4,10263.57,"Humanities",1964,70.22,122,1
3.42,35,13344.97,"Vocational",1961,67.25,121,0
2.93,37,13307.54,"Vocational",1992,65.96,123,1
1.96,8,11788.31,"Professional",1972,69.16,124,0
3.54,10,10349.15,"Humanities",1971,69.47,121,1
2.07,5,11794.2,"Professional",2015,66.09,120,0
2.85,36,13286.96,"Vocational",1974,68.81,121,2
3.28,10,9678.45,"STEM",1981,69.06,120,1
2.41,44,9759,"Buisness",1987,68.45,120,1
2.58,30,13262.92,"Vocational",1988,67.79,121,3
2.87,8,13288.7,"Vocational",2011,65.23,125,0
3.02,5,13309.15,"Vocational",1979,68.69,121,1
2.51,57,9753.57,"STEM",1965,70.84,122,2
1.61,8,13182.01,"Vocational",1967,66.04,122,0
3.02,5,11707.33,"Professional",1986,69.14,123,0
2.26,25,10226,"Buisness",2008,66.67,121,3
3.03,31,10276.6,"Humanities",1992,66.1,125,2
2.38,18,10238,"Buisness",2004,71.53,122,3
2.2,40,11771.16,"Professional",1965,69.26,124,1
2.54,0,13242.17,"Vocational",1996,67.49,123,1
2.13,12,13218.23,"Vocational",1967,68.59,123,1
2.87,16,9718.27,"STEM",1961,70.4,121,2
2.43,0,11764.23,"Professional",2010,63.79,122,0
3.61,16,9648.51,"STEM",1992,67.46,120,2
2.74,0,11714.03,"Professional",2011,68.99,122,1
2.24,4,10229.55,"Humanities",1997,71.25,123,0
2.77,13,11720.96,"Professional",1997,71.36,120,0
2.42,10,13221.7,"Vocational",1973,67.97,120,0
2.46,10,13241.51,"Vocational",1973,69.72,120,1
2.86,9,9714,"Buisness",1983,68.99,120,2
2.78,26,10297.76,"Humanities",2000,69.92,121,1
2.29,17,10235.67,"Humanities",1986,72.53,120,2
2.22,18,13232.33,"Vocational",1977,67.26,120,1
3.17,9,11679.63,"Professional",1961,67.42,122,1
2.74,15,11736.86,"Professional",2005,73.15,130,2
2.59,10,11740.28,"Professional",1985,66.41,124,3
2.12,30,9801.85,"STEM",1969,69.84,122,0
2.49,5,13250.72,"Vocational",2010,66.47,127,0
2.95,46,13298.13,"Vocational",1974,68.83,122,0
3.22,1,11698.44,"Professional",2002,66.68,124,2
2.15,17,13218.48,"Vocational",2004,67.14,120,0
2.23,34,10220.43,"Humanities",2006,69.32,120,1
2.35,13,13233.92,"Vocational",1964,68.78,123,0
